example/public/data/projects/ApiTest/raster.asc
nCols        380
nRows        206
xllCorner    102600
yllCorner    425300
CellSize     100
nodata_value -9999
[rows 160 to 191 of 206, columns 146 to 218 of 380]
5.1425 5.1225 5.1425 5.1225 5.0525 4.7046 5.1225 5.1225 5.0825 5.1325 5.1224 5.1224 5.1224 5.1524 5.1224 5.1324 5.1224 5.1224 5.1224 5.1224 5.1224 5.1224 5.1224 5.1424 5.1224 5.1424 5.1124 5.1224 5.1224 5.1224 5.1324 3.1898 5.1224 5.2124 5.1324 5.1224 5.1424 5.1224 5.1324 2.7412 4.8924 5.1224 5.1224 5.1224 5.1224 5.1224 5.1224 5.1224 5.1124 3.6883 5.1324 5.1324 5.1223 5.1223 5.1323 4.4123 5.1223 2.9612 4.5223 4.7623 4.4223 4.3823 4.6623 4.8923 4.6823 4.6623 4.6223 4.6123 4.3723 4.7123 4.3923 4.7723 4.6223
5.1325 4.7425 5.1225 5.1225 5.1225 5.0625 5.1325 5.1225 4.9825 5.1324 5.1224 5.1324 5.1224 5.1324 5.1224 5.0324 5.1224 5.1324 5.1224 5.1324 5.1324 5.1324 5.1224 5.1324 5.1224 5.0524 5.1224 5.1324 5.1324 5.1324 5.1224 5.0824 3.0361 5.1424 5.1324 5.1624 5.1224 5.1224 4.3724 2.9271 5.1724 5.1324 5.1224 5.1324 5.1624 5.1224 5.1224 5.1224 5.0224 3.8345 5.1224 5.1223 5.0123 4.9723 4.6323 5.1223 5.1223 2.9868 4.2623 4.1823 4.3923 4.8623 4.2923 4.3523 4.5423 4.2923 4.2223 4.2523 4.2523 4.5523 4.3423 5.1223 4.9323
5.0725 5.1225 5.0525 5.1225 5.1225 5.1225 5.1225 5.1225 5.1225 5.1224 5.1224 5.1224 5.1224 5.1224 5.1224 5.0524 5.1224 5.1224 5.1224 5.1224 5.1224 5.1224 5.0624 5.1224 5.1224 5.1224 5.1224 5.1224 5.1224 5.1224 5.1424 5.1224 3.1102 5.1224 5.1224 5.1624 5.0624 4.6224 3.0893 5.0124 5.1224 5.1224 5.1224 5.1224 5.1224 5.1224 5.1224 5.1224 5.1224 3.8496 5.1223 5.1223 5.1223 5.1223 5.1223 5.1223 5.1223 4.8323 2.7448 4.3423 4.4323 4.1223 4.3823 4.2623 4.5023 4.5223 4.4523 4.4723 4.4523 4.9123 4.5723 4.6323 4.6823
5.1225 5.1225 5.1025 5.1225 5.1225 5.1225 5.1225 5.1225 5.1225 5.1224 5.1224 5.1224 5.1324 5.1224 5.1224 5.1324 5.1424 5.1324 5.1024 5.1324 5.1324 5.1324 5.1224 5.1224 5.1324 5.1224 5.1324 5.1224 5.1524 5.1424 5.1224 5.1224 3.0379 2.6991 2.7998 3.0395 2.9084 2.9175 5.3724 5.0624 4.9924 5.1124 5.1124 5.1224 5.1224 5.1124 5.1324 5.1324 5.1424 3.8496 5.1323 5.1223 5.1223 5.1223 5.1223 5.1223 5.1023 4.1623 2.7845 4.2423 4.3061 4.5323 4.4823 4.4723 4.4423 4.5823 4.5223 4.2023 4.7323 4.4423 4.4323 4.6823 4.5723
5.1325 5.1225 5.1225 5.1225 5.1225 5.1225 5.1225 5.1425 5.1225 5.1224 5.1224 5.1224 5.1224 5.1224 5.1224 5.1924 4.9924 5.1224 5.1224 5.1224 5.1224 5.1224 5.1224 5.1224 5.1224 5.1224 5.0024 5.1224 5.1224 5.1324 2.9035 3.0513 4.1541 3.2451 3.6924 3.9224 3.8824 3.047 5.0824 4.6524 5.1324 5.1224 5.1224 4.6824 4.6424 4.7924 5.0924 5.0624 4.7024 5.1123 3.7342 5.1223 4.7581 5.0823 5.1223 4.7923 4.2023 5.1223 2.8698 4.2723 4.2623 4.4523 4.5223 4.5523 4.3323 4.4223 4.3923 4.3623 4.4123 4.4623 4.3323 4.5823 4.4923
5.1225 5.1225 5.1325 5.1225 5.1225 5.1725 5.1325 5.1225 5.1224 5.1224 5.1224 5.1224 5.1224 5.1224 5.1224 5.1224 5.0524 5.1424 5.1224 5.1224 5.1324 5.1224 5.1224 5.1224 5.1224 5.1224 5.0024 5.3724 4.4224 2.9381 4.1224 4.8024 4.8724 5.1224 4.8824 4.1224 4.8724 5.1224 2.9803 4.9524 5.0624 4.9524 5.1224 5.1224 5.1224 5.1224 5.1224 4.8024 4.9324 5.0323 3.6456 4.5823 4.4623 4.3823 4.3623 4.3623 5.1123 5.1223 2.8092 4.2623 4.3323 4.3823 4.3523 4.3323 4.2523 4.7023 4.3523 4.2623 4.2223 4.3123 4.2523 4.3823 4.5523
5.1225 5.1225 5.1225 5.0525 5.1225 5.1225 5.1325 5.1325 5.1324 5.1724 5.2124 5.1324 5.1224 5.1524 5.1224 5.1224 5.0624 5.1424 5.1224 5.1224 5.1224 5.1324 5.1424 5.1224 5.1224 5.1424 4.6224 2.9785 2.907 4.8124 5.1224 5.1624 5.1224 5.1224 5.1224 5.3724 5.1224 5.1224 4.9224 3.1188 5.1224 5.1324 5.1324 5.1324 5.1324 5.1324 5.1224 4.3624 5.1223 5.0703 3.9475 5.0823 5.1223 5.1223 5.0923 4.7723 5.1023 5.1123 2.8983 4.6523 4.7023 4.4623 4.2623 4.4123 4.4223 4.3823 4.3823 4.3323 4.3523 4.3323 4.3323 4.2623 4.3823
5.1225 5.1225 5.1225 5.0425 5.0725 5.1225 5.0625 5.1425 5.1224 5.1224 5.1224 5.1324 5.1224 5.1224 5.1324 5.1324 5.1324 5.1224 5.1224 5.1224 5.1224 5.1224 5.1324 5.1424 5.1224 5.1324 3.0381 3.1324 3.0669 5.3924 5.1724 5.1224 5.1224 5.1224 5.1224 5.1224 4.8724 5.1224 5.7224 5.2324 5.1224 5.1224 5.1224 5.1124 5.1024 4.9924 4.2928 4.4424 5.1223 5.1223 5.1223 3.8052 5.1223 5.1223 5.0223 5.1223 5.0723 5.1123 3.0242 4.5223 4.5223 4.6023 4.5023 4.3723 4.5223 4.3823 4.5323 4.3123 4.3423 4.3823 4.2223 4.1222 4.2722
5.1225 5.0325 5.1225 4.9425 5.0725 5.1525 5.1225 5.1225 5.1224 5.1224 5.1224 5.1324 5.1224 5.1224 5.1224 5.1324 5.1224 5.0924 5.1224 5.1224 5.1224 5.1224 5.1124 5.1324 5.1324 5.1224 5.1324 2.8631 5.1124 4.9824 5.1224 5.1224 5.1524 5.1224 5.1224 4.8724 5.1224 5.4024 5.1324 5.1224 5.1224 5.1324 5.1324 5.1224 4.8324 4.8424 4.4124 5.1224 5.1123 5.1223 5.1223 5.0523 3.8052 5.1323 5.1523 5.1223 5.1323 5.1323 3.0188 4.2723 4.2223 4.4723 4.2223 4.2223 4.7923 4.8123 4.5523 4.3323 4.1723 4.2222 4.2322 4.1922 3.8922
5.1225 4.6225 5.0725 5.1225 5.1225 5.1225 5.1525 5.1224 5.1324 5.1524 5.1224 5.1324 5.1224 5.1224 5.1224 5.1324 5.1224 4.9724 5.1224 5.1224 5.1224 5.1224 5.0924 5.1224 5.1224 5.0924 5.2724 2.6581 5.1124 5.1224 5.1224 5.1324 4.8624 4.9424 5.1224 5.1224 5.6224 4.9924 5.3924 5.2724 5.1224 5.1324 5.1324 5.0624 5.0624 5.1224 4.7824 5.0823 5.1223 5.1223 5.1223 5.1223 3.7826 5.1223 5.1223 5.1323 5.1223 5.1323 2.9538 4.4123 4.3123 4.4123 4.2523 4.2323 4.2423 4.2223 4.1323 4.2223 4.1722 3.9022 3.4584 4.0422 3.5022
5.1425 5.1225 5.1425 5.1225 5.1225 5.1425 5.1525 5.1224 5.1324 5.1224 5.1524 5.1324 5.1424 5.1224 5.1224 5.1324 5.1224 5.1024 5.1324 5.1224 5.1224 5.1224 5.1424 5.1124 5.1224 5.1024 4.2124 2.8391 5.1124 5.0424 5.1224 5.1224 5.1324 5.1324 5.3824 5.1224 5.1224 5.1124 5.1024 5.1324 5.1524 5.1324 5.1224 4.9524 5.1224 5.1224 4.5724 5.1223 5.1323 5.1223 5.1223 5.1023 4.6623 3.6648 5.1223 5.0723 5.0523 4.8223 3.0682 4.1823 4.5223 4.4323 4.5023 4.3823 4.1223 4.1223 4.1023 3.5222 3.4022 3.8222 3.7822 3.2022 2.2222
5.1325 5.1325 5.1325 5.1225 5.1225 5.1325 5.1225 5.1424 5.1224 5.1224 5.1324 5.1224 5.1424 5.1224 5.1224 5.1224 5.1424 5.1324 5.1224 5.1024 4.9524 5.1524 5.2424 5.1324 5.1324 3.7024 2.994 5.0924 5.1624 5.0724 5.2024 5.1524 5.1224 5.1324 5.1524 4.9724 5.1224 4.8824 4.5624 5.1224 5.1624 4.6424 5.0224 5.1224 5.1224 5.1224 4.7524 5.1223 5.1223 5.1223 4.9923 5.1223 5.0223 3.3451 4.4823 4.2723 4.1823 4.2423 3.0524 4.4523 4.3823 4.2523 4.2023 4.1823 4.1323 4.0423 2.3022 4.2222 3.7322 3.1422 2.2222 2.2222 4.1722
5.1225 5.1225 5.1425 5.1425 5.1525 5.1525 5.1225 5.1324 5.1324 5.1224 5.1424 5.1224 5.1324 5.1324 5.1324 5.0424 4.9124 5.0524 3.7324 4.9024 5.1324 5.1524 5.0724 4.6824 2.7732 2.9304 5.0924 5.0124 5.1224 5.1224 5.1324 5.1324 5.1224 5.1224 5.1324 5.1024 5.1224 5.1224 4.6224 4.8724 5.1324 4.5324 5.1224 5.1224 4.9924 4.9524 5.1224 5.1223 5.1223 4.8323 4.9023 4.4523 4.2823 3.7959 4.3223 4.2023 4.2123 4.2123 4.2223 3.1534 4.5023 4.0627 3.7023 3.4123 3.7323 4.1422 4.1322 4.1422 4.2522 2.2222 3.9122 1.9768 4.1222
5.1325 5.1225 5.1325 5.1225 5.1225 5.1425 5.1625 5.1224 5.1224 5.1524 5.1324 5.1324 5.0924 5.1224 5.1224 5.0924 5.0324 4.7824 4.3724 1.9013 2.9703 2.7254 2.6488 3.0582 4.3524 5.0824 4.6924 5.0824 5.1224 5.1224 5.1224 5.1224 5.1224 5.1324 5.1224 5.1224 4.9024 5.1224 4.9224 4.6324 5.1224 4.9124 5.1224 5.1224 5.1224 4.6724 4.8223 5.1223 5.1223 4.6723 4.9523 4.6523 4.4423 3.7959 4.1523 4.5423 4.5023 4.2123 4.0523 3.1038 4.3723 3.8023 4.1423 4.1423 4.1823 4.1322 4.1622 4.1522 2.2082 4.1122 4.1222 1.9768 1.9768
5.1525 5.1325 5.1225 5.1325 5.1425 5.1525 5.1524 5.1224 5.1424 5.1224 5.1324 5.0024 5.0024 5.1324 5.1124 5.1224 5.1524 5.1224 2.5626 4.1115 4.0224 4.1474 2.5812 4.3624 5.1324 4.6324 5.1324 4.7124 4.8324 5.1224 5.1224 5.1224 5.1224 5.1224 5.1324 5.1224 4.9424 4.9624 5.0524 5.0824 4.8424 4.9824 5.1224 5.1224 5.1224 4.4124 4.6823 4.7923 4.7923 4.2023 5.0823 4.9523 4.5623 4.1823 3.5894 5.0123 4.4623 4.2123 4.1223 3.1295 4.1223 3.7223 4.1323 4.1323 4.4623 4.1522 4.1222 2.1262 2.2222 4.1222 4.1222 3.0122 1.9722
5.1625 5.1425 5.1525 5.1325 5.1425 5.1125 5.1424 5.3324 5.3324 5.3024 5.1524 5.1424 4.7954 5.1624 5.1224 5.1224 5.1324 5.1324 5.1224 2.9833 4.7624 4.9124 3.2968 5.1224 5.1324 5.1424 5.1224 5.1224 5.1424 5.1224 5.2824 5.1224 5.1424 5.1224 5.1224 5.1224 5.1524 5.1224 4.8824 5.0724 5.0924 5.1224 5.0724 5.1224 5.0124 4.3624 4.2323 4.6323 4.6023 4.2223 5.0723 4.7023 4.4923 4.1223 3.6988 4.6223 4.1323 4.1823 4.1723 2.8894 3.8723 3.8823 4.2023 4.2223 4.2023 4.2522 2.1532 4.1222 4.1222 3.0922 3.5122 3.5522 3.0321
5.1425 5.1325 5.1725 5.2225 5.1425 5.1225 5.1224 5.1324 5.1324 5.1424 5.0924 5.1224 5.1224 5.1524 5.1224 5.1324 5.1224 5.1224 5.1224 3.1117 4.4141 4.2282 3.3555 5.1824 5.1224 5.1324 5.1324 5.1324 5.1224 5.0724 5.1224 5.1224 5.1224 5.1224 5.1224 5.1224 5.1224 4.9824 5.0531 5.1224 5.0324 4.9524 4.7724 4.9624 4.5224 4.3224 4.2923 4.2123 4.1423 4.1623 4.6523 4.6523 4.5023 4.191 3.5523 3.4663 4.1923 4.1223 3.9423 3.1223 2.6908 4.1223 4.1223 4.1523 2.2063 2.1803 0.4398 2.5022 2.3422 3.8522 3.7222 2.8421 4.1321
5.2125 5.1225 5.1225 5.1225 5.1425 5.1225 5.1324 5.1224 5.1424 5.1524 5.1224 5.1324 5.1524 5.1324 5.1524 5.1224 5.1424 5.1224 5.1224 3.4256 4.1224 4.2162 3.2314 4.7124 5.1224 5.1424 5.1324 5.1224 5.1224 5.1224 5.1224 5.1324 5.1324 5.1224 5.1224 4.8924 5.1424 5.1224 5.1124 5.0324 4.2624 4.2224 4.1624 4.2124 4.2124 4.9924 4.6823 4.2223 4.1623 4.2423 4.9523 4.6923 3.9823 4.2223 3.4423 3.6723 4.1223 2.9382 2.492 3.6223 4.1623 3.042 2.9278 2.7323 -9999 -9999 -9999 2.6322 4.1222 4.1221 4.1221 4.3721 4.1221
5.1325 5.1225 5.1325 5.1325 5.1325 5.0925 5.1224 5.1324 5.1224 5.1324 5.1224 5.0024 5.1024 5.1324 5.1424 5.1224 5.1224 5.1324 5.1224 3.1259 4.1224 4.2891 3.2218 5.1024 5.1624 5.1224 5.1424 5.1224 5.1124 5.1424 5.1224 5.1324 5.1224 5.1224 4.8424 5.1224 5.1224 5.1224 5.0424 4.2024 5.1124 5.1224 5.0624 4.7324 4.2024 4.2324 4.2223 4.2123 4.1323 4.1223 4.2423 4.1823 4.2923 4.2523 4.1723 4.1223 4.1223 2.5023 3.0023 1.7219 3.2123 4.2423 3.2523 1.6421 -9999 0.8722 4.1222 4.1022 4.4021 4.1921 4.2221 4.1221 4.0921
2.8025 2.8025 2.8415 2.8425 2.8425 4.4224 4.9924 5.1324 5.1524 5.1224 5.1224 4.8724 4.5124 5.1424 5.1324 5.1224 5.1224 5.1324 5.1324 3.3407 4.1224 4.1349 3.3533 4.1224 5.1324 5.1324 5.1424 5.1224 5.1224 5.1224 5.1224 5.1224 5.0524 4.4524 5.0424 5.1224 5.1224 5.1224 4.8024 4.4024 4.4624 5.0524 4.2024 4.1624 4.2724 4.2024 4.2424 4.1323 2.1393 2.1543 4.1223 4.1223 4.1223 4.1223 4.1223 4.1223 -9999 2.5223 1.8823 1.5023 -9999 0.1956 2.0157 3.2962 3.2922 3.2032 3.2522 3.1782 4.1321 4.2521 4.1221 4.2221 4.2221
5.1325 5.1225 5.1225 5.1225 5.1925 2.8424 2.8164 2.8124 2.8124 5.1324 5.1324 4.7024 4.6224 4.8624 5.1224 5.1524 5.1324 5.1124 3.0389 4.3724 3.8824 3.2948 5.1124 5.1324 5.1224 5.1324 5.1324 5.1324 5.1224 5.1224 5.1324 5.1124 4.9524 5.1224 4.5924 5.1224 4.8924 4.7624 4.8324 4.3724 4.2924 4.1924 4.1724 4.1324 2.2924 2.2924 2.2924 2.2923 -9999 -9999 -9999 -9999 -9999 -9999 -9999 -9999 -9999 -9999 0.0369 -9999 0.1276 0.0318 0.1172 0.0757 0.1161 0.2006 0.0813 -9999 3.1511 3.1371 3.1431 3.2121 4.1221
5.1525 5.1325 5.1525 5.1425 5.1225 5.1224 2.2924 5.1224 5.1224 2.8124 2.8094 2.5644 2.5094 3.8424 5.1224 5.1624 5.1324 5.0524 2.9655 5.0524 4.5966 3.2567 5.0924 5.0324 5.1224 5.1224 5.1224 5.1224 5.1324 5.1224 4.9924 5.1224 5.0324 5.1224 5.1224 5.1224 4.9624 4.9424 4.8824 4.3824 4.1624 2.2924 2.2924 2.2924 -9999 -9999 -9999 -9999 2.6228 2.3501 2.9178 -9999 -9999 -9999 -9999 -9999 -9999 -9999 -9999 -9999 -9999 -9999 -9999 -9999 -9999 -9999 -9999 -9999 -9999 -9999 3.3821 4.1421 3.275
5.1225 5.1225 4.9325 5.1025 5.1225 5.1224 5.0824 5.1324 5.1224 5.1724 5.1224 5.1224 5.1724 3.8344 4.9224 5.3224 5.0424 5.0324 3.1099 3.7924 3.6224 3.5958 5.1324 5.1124 5.1424 5.1224 5.1224 5.1224 5.1324 4.8724 5.1224 5.0824 5.1224 5.1224 4.9324 5.0824 4.7224 4.2324 2.2924 2.2714 2.2594 -9999 -9999 -9999 2.227 2.7074 3.9974 4.2674 4.2475 4.1875 4.2575 -9999 -9999 -9999 -9999 -9999 -9999 -9999 -9999 -9999 -9999 -9999 -9999 -9999 -9999 -9999 -9999 -9999 -9999 -9999 -9999 -9999 4.372
5.1225 5.1225 4.8925 5.1325 5.1524 5.1224 5.1324 5.1224 5.1524 5.1024 5.1324 5.1224 5.1924 5.1424 5.2024 5.1124 5.1424 5.6324 3.9224 3.628 4.1224 4.156 4.7924 5.1124 5.1024 5.1224 5.1324 5.1224 5.1724 5.0724 5.1224 5.1324 5.1224 4.9724 4.7924 4.7024 2.2924 2.2924 -9999 -9999 -9999 2.4636 3.0069 4.8169 4.327 4.1571 4.2071 4.2471 4.1572 4.1972 4.4572 -9999 -9999 -9999 -9999 -9999 -9999 -9999 -9999 -9999 -9999 -9999 -9999 -9999 -9999 -9999 -9999 -9999 -9999 -9999 -9999 -9999 -9999
5.1625 5.1425 5.1225 5.1425 5.1224 5.2624 5.2124 5.1224 5.6224 5.3724 5.1524 5.2024 5.1624 5.1924 4.1024 5.0124 5.0824 4.6224 2.9256 3.0649 3.1139 3.7708 4.2224 5.4924 3.2364 3.0664 5.1224 4.6124 4.8624 4.5824 5.0724 5.0524 4.6824 2.2924 2.2824 2.2824 -9999 0.0011 3.1558 2.4907 3.8562 2.9164 4.1665 5.1166 4.5767 4.1768 4.3468 4.2469 4.2269 4.2469 -9999 -9999 -9999 -9999 -9999 -9999 -9999 -9999 -9999 -9999 -9999 -9999 -9999 -9999 -9999 -9999 -9999 -9999 -9999 -9999 -9999 -9999 -9999
5.0925 4.9725 4.2225 4.9925 5.1224 5.1124 4.8724 2.8571 2.7962 4.6224 5.1124 4.9424 5.0224 2.6467 2.6664 2.6693 2.5839 2.7277 4.1224 4.1824 4.2024 4.2124 2.8499 2.7724 3.5924 4.7124 1.6914 2.2194 2.2924 2.2924 2.2924 2.2924 2.2924 2.4294 0.0622 0.0593 2.8132 3.9245 4.4351 4.9855 4.4257 2.496 3.8663 4.2964 4.1664 4.1765 4.2065 4.1766 4.2566 4.2666 -9999 -9999 -9999 -9999 -9999 -9999 -9999 -9999 -9999 -9999 -9999 -9999 -9999 -9999 -9999 -9999 -9999 -9999 -9999 -9999 -9999 -9999 -9999
4.6125 4.3825 4.0125 4.6424 5.3724 3.8724 3.1304 4.2024 4.3024 3.1374 2.5889 2.6856 2.7885 4.6924 4.1099 4.1224 4.2231 4.1124 4.1724 4.1824 4.1824 4.2724 4.2224 2.7328 2.9086 4.2424 2.3884 2.4444 2.4544 2.4534 2.4474 3.4385 3.4724 0.0329 3.176 4.331 4.2827 4.2438 4.2646 4.7151 4.2654 4.2057 4.2659 4.2061 4.2561 4.2862 4.3062 4.2363 4.1863 4.2663 -9999 -9999 -9999 -9999 -9999 -9999 -9999 -9999 -9999 -9999 -9999 -9999 -9999 -9999 -9999 -9999 -9999 -9999 -9999 -9999 -9999 -9999 -9999
2.6467 2.7615 2.0425 2.3224 2.5731 3.0552 4.3024 4.2524 4.1524 4.2124 3.4424 2.4954 2.4544 2.4424 2.4814 2.4354 2.3904 2.4274 2.5684 2.5754 2.6744 2.6834 2.5624 2.3894 2.3474 2.2804 4.0424 3.1824 1.9624 3.6327 4.1224 0.0003 -9999 4.3142 4.3368 4.1491 4.4218 4.1732 4.3341 4.1647 4.1551 4.3054 4.2356 4.2357 4.1958 4.1859 4.1859 4.326 4.296 4.656 -9999 -9999 -9999 -9999 -9999 -9999 -9999 -9999 -9999 -9999 -9999 -9999 -9999 -9999 -9999 -9999 -9999 -9999 -9999 -9999 -9999 -9999 -9999
1.9735 2.2255 2.3864 2.4494 2.4984 2.6764 2.4424 2.6684 2.6054 2.3994 2.4104 4.1224 4.1328 4.3124 4.1724 4.1924 4.2324 4.2024 4.1624 4.2124 4.2324 4.1624 4.3224 4.2224 4.2424 4.1824 3.431 4.2124 4.0024 -9999 -9999 2.9548 4.4731 4.7749 4.8419 4.3688 4.251 4.1928 4.1938 4.1844 4.2148 4.2051 4.2453 4.1754 4.4855 4.2656 4.6857 4.2057 -9999 -9999 -9999 -9999 -9999 -9999 -9999 -9999 -9999 -9999 -9999 -9999 -9999 -9999 -9999 -9999 -9999 -9999 -9999 -9999 -9999 -9999 -9999 -9999 -9999
4.1225 4.1224 4.1224 4.1224 5.1224 3.2987 3.9524 4.2224 4.6224 4.3324 4.3324 4.1224 4.1924 4.1524 4.1424 4.2824 4.1424 4.1624 4.7324 4.2124 4.2024 4.2324 4.2224 4.1724 4.2924 3.2575 3.9724 0.0181 -9999 2.4581 4.2867 4.5994 4.2218 4.8133 4.1923 4.1704 4.2015 4.153 4.1537 4.1642 4.2346 4.1648 4.325 4.3551 4.4352 -9999 -9999 -9999 -9999 -9999 -9999 -9999 -9999 -9999 -9999 -9999 -9999 -9999 -9999 -9999 -9999 -9999 -9999 -9999 -9999 -9999 -9999 -9999 -9999 -9999 -9999 -9999 -9999
4.1225 4.1224 4.1224 4.1224 4.7224 3.797 3.2824 4.1324 3.5824 3.5924 3.6124 4.1224 4.2924 4.3724 4.1324 4.1324 4.1424 4.1724 4.2524 4.1624 4.1424 4.1924 4.1924 4.1624 3.3053 -9999 -9999 2.1969 3.9426 5.0327 4.1143 4.3677 4.5902 4.2521 4.2428 4.2425 4.2226 4.1934 4.1738 4.1541 4.2044 4.2446 4.2647 4.2248 -9999 -9999 -9999 -9999 -9999 -9999 -9999 -9999 -9999 -9999 -9999 -9999 -9999 -9999 -9999 -9999 -9999 -9999 -9999 -9999 -9999 -9999 -9999 -9999 -9999 -9999 -9999 -9999 -9999
4.1224 3.8724 4.1224 4.1224 4.8224 4.3724 2.4524 4.1224 4.0024 4.1224 3.8724 4.1224 4.1224 4.3324 4.2224 4.1924 4.2024 4.1424 4.1424 4.1224 4.1724 2.971 2.971 -9999 -9999 2.4921 4.3021 4.3022 4.3023 5.1424 4.3925 4.2358 4.1687 4.031 4.2026 4.2031 4.1932 4.2237 4.2039 4.1641 4.1841 4.2543 -9999 -9999 -9999 -9999 -9999 -9999 -9999 -9999 -9999 -9999 -9999 -9999 -9999 -9999 -9999 -9999 -9999 -9999 -9999 -9999 -9999 -9999 -9999 -9999 -9999 -9999 -9999 -9999 -9999 -9999 -9999
