example/public/data/projects/ApiTest/raster.asc
nCols        380
nRows        206
xllCorner    102600
yllCorner    425300
CellSize     100
nodata_value -9999
[rows 128 to 159 of 206, columns 146 to 218 of 380]
5.1825 5.1625 5.2125 5.1325 5.2025 5.1225 3.3562 5.3725 5.1225 4.8625 5.0925 4.5725 5.1125 5.1225 5.1225 5.1225 4.8125 3.0411 5.1525 4.8925 5.1225 5.1225 5.1325 5.1125 4.9625 4.8925 4.6825 4.5725 4.2525 4.1925 4.3225 4.2625 4.2024 4.8524 5.1224 5.0724 5.1224 5.1324 3.3701 2.7844 5.4029 4.5524 5.2124 5.5506 5.3724 3.6347 4.5912 5.1324 5.0124 4.9424 4.6224 4.8924 5.0524 5.1224 5.0024 5.0324 5.0824 4.7124 4.7124 4.8424 4.8724 5.1224 5.1224 5.1324 2.9117 4.1724 3.3724 3.5724 4.1224 2.9862 2.4746 3.6346 5.1424
5.1825 5.1425 5.2125 5.1925 5.1625 5.3525 3.1529 5.1225 4.8425 4.9525 5.1425 5.1425 5.1225 5.1225 5.1225 5.1225 5.1225 2.9208 5.1025 4.9325 5.1325 5.0125 4.3425 4.1225 4.247 4.2125 4.4925 4.6325 5.0825 5.1325 5.0124 5.0924 4.8924 5.0124 5.1324 5.1224 5.1224 5.1124 3.3491 2.7837 5.1224 5.1224 5.1813 5.5609 5.3246 3.6548 5.1224 5.1224 5.1224 5.1224 5.1224 5.1024 4.8724 4.9524 4.8124 5.1224 4.8924 5.0124 5.0624 5.1224 4.7224 4.8424 5.1324 2.9117 4.3602 4.5424 4.5224 4.4724 5.0324 4.4024 2.5324 1.8724 2.3302
5.1925 5.1925 5.1525 5.6325 3.3352 3.3085 4.8725 5.3725 5.1225 5.1225 5.1225 5.1325 5.1225 5.1225 5.1225 5.1225 5.1225 2.9795 5.1125 5.1125 4.8025 4.5125 4.3325 4.9925 5.1125 5.1225 4.7225 5.0025 5.1125 5.0424 5.0224 5.0224 5.1224 5.0324 5.1224 5.0924 5.1224 5.0524 3.5758 3.1313 5.1474 5.2007 5.1224 4.8524 3.6138 5.1224 5.1224 5.1224 5.0924 5.1324 4.9324 4.3924 4.9924 5.1224 5.1324 5.1224 5.0724 4.3524 5.1224 4.9224 4.7224 4.6524 4.5224 3.0901 5.0424 4.8124 5.1224 5.0961 5.1224 5.0624 4.6824 4.4424 2.3724
5.4425 5.1225 3.3924 3.2749 5.4225 5.1525 5.1725 4.9425 5.1225 5.1225 5.1225 5.1325 5.1225 5.0725 5.1325 5.1325 5.1225 4.7825 2.9119 4.9625 4.3725 4.4025 5.1225 5.0225 4.6225 4.9625 5.0225 5.1325 5.1224 5.1124 5.1224 5.0924 5.1324 4.1224 4.8724 5.1224 5.1224 5.1224 5.1124 2.8994 2.8513 3.416 3.416 3.3624 5.1224 5.1324 5.1024 5.0924 5.1224 5.1224 5.1224 5.1224 4.5624 5.0424 5.1224 5.1224 5.0824 5.0124 4.5324 5.1024 4.6298 2.9487 3.04 4.1371 5.1224 5.1224 5.1224 5.1224 5.2732 4.8524 4.2324 4.1824 4.1524
3.2183 3.084 5.1925 5.4025 5.1325 5.1325 5.3725 4.7825 5.1325 5.1225 5.1325 5.1325 5.1225 5.1225 5.1225 5.1225 5.1225 4.9825 2.9405 4.9225 4.1225 5.1225 5.0525 5.0725 5.1225 5.1125 5.1224 5.1324 5.1324 5.1224 5.1224 5.1124 5.1224 4.3124 5.1224 5.1224 3.8022 3.8022 2.8914 1.5903 1.4948 4.1924 4.9524 5.1224 5.1224 5.1224 5.1224 5.1224 5.1224 5.1224 5.1224 5.1224 4.8524 5.1024 5.1224 5.0424 5.1224 5.1224 5.1124 5.1324 2.5965 4.1624 3.0416 5.1124 5.1224 5.0524 5.1224 5.1224 4.6124 4.3024 4.9724 4.2924 4.1424
5.1525 5.2325 5.1225 5.1325 5.1225 5.1625 5.1525 5.1425 5.1325 5.1225 5.1225 5.1225 5.1225 5.1425 5.1225 5.1225 5.1225 5.0025 2.8618 4.2025 4.8425 5.1225 4.7925 5.1225 5.0925 5.1224 5.1224 5.1224 5.1224 5.1224 5.1224 5.1224 5.1124 5.1224 5.1124 3.7824 4.5724 4.3724 4.2424 1.5903 2.9361 4.5424 5.0624 5.1224 5.1224 5.1224 5.1224 5.1224 5.1224 5.1224 5.1224 5.1224 5.1224 5.1324 5.1224 5.0624 5.1224 5.1224 5.0924 4.9224 2.8885 3.0016 5.1424 5.1024 5.1124 5.1224 5.1224 5.1124 4.7624 4.4624 5.0524 4.4224 4.1724
5.1325 5.1225 5.1425 5.1325 5.1225 5.1225 5.1225 5.1225 5.0825 5.1225 5.1325 5.1325 5.1325 5.1225 4.8325 4.9025 5.1225 5.0525 4.3025 2.9355 5.0125 5.1225 4.9925 5.1425 4.9825 5.1224 5.1224 5.1224 5.1224 5.0724 3.3634 3.4268 3.4268 3.4618 3.5505 4.3124 4.8724 4.6724 4.2524 3.1032 2.9272 5.1324 5.1224 5.1224 5.1324 5.1224 4.8724 5.1224 5.1224 5.1324 5.1224 5.1224 4.8924 5.1124 5.1224 5.1224 5.1324 5.1224 5.0424 3.1681 4.2624 5.1024 4.9124 4.8924 4.5624 4.5024 5.0924 5.0924 5.1224 4.7924 4.8124 4.7024 4.5624
5.1625 5.1725 5.1325 5.1225 5.1425 5.1325 5.1225 5.1225 4.7625 5.1225 4.9825 4.9225 5.1225 5.1225 4.6525 5.1225 5.0525 4.1325 5.1225 3.0577 5.1125 4.9125 5.1325 5.1125 5.0824 5.1224 5.0924 3.3842 3.319 3.4133 4.6624 4.3424 4.8424 4.7124 4.8124 4.3524 4.4524 4.5824 4.3224 4.9024 2.942 4.7907 5.1624 4.9124 5.0424 4.9224 5.0024 4.9524 5.0624 5.1324 5.1324 5.0624 5.1124 4.8524 5.1324 5.1024 5.0524 5.0224 4.7624 3.0908 4.7824 5.1224 5.1024 5.1024 5.1324 5.0724 5.0224 5.1024 5.1224 4.7224 4.5024 4.3924 4.6024
5.1225 5.1225 5.1225 5.1525 5.1225 5.1225 5.1225 5.1325 4.9225 5.1225 4.2825 5.1325 5.1225 5.1325 5.1025 5.1225 4.3125 5.0625 5.1225 2.988 5.1125 5.1325 5.1224 5.1224 5.1224 2.5245 3.3612 4.8624 4.7924 4.6424 4.6624 4.7524 4.7524 4.6124 4.8524 4.6524 4.8824 4.5324 4.4824 4.8424 3.3462 5.1324 5.1224 5.1224 5.1224 5.1224 4.1224 5.1224 5.1224 5.1224 5.1224 5.1324 5.1324 4.9124 5.1224 5.1224 5.1224 4.8324 2.9605 4.7024 5.1424 5.1224 5.1324 5.1224 5.1324 5.1724 5.2024 5.2024 5.1524 5.1224 4.8124 4.3424 4.2724
5.1225 5.1225 5.1225 5.1325 5.1225 5.1325 5.1225 5.1225 5.1525 5.1325 5.1225 5.1325 5.1225 5.1125 5.1325 5.1225 4.3125 4.7125 5.1225 3.0612 5.1325 5.1224 5.1224 3.0719 2.4462 4.3883 4.4124 4.5124 4.6824 4.5624 4.3624 4.8424 4.7624 4.7524 4.6724 4.5124 4.4524 4.5624 4.3424 4.7624 3.6535 3.5761 5.1224 5.1324 5.1224 5.1224 4.2124 5.1224 5.1224 5.1224 5.1224 5.1224 5.1224 5.1224 5.0724 5.1224 5.1224 5.0024 2.9855 5.1024 5.1224 5.1224 5.1224 5.1124 5.1224 5.0424 5.1224 5.1224 5.1324 5.1124 4.6124 4.2724 4.2724
5.1225 5.1425 5.1525 5.1225 5.1225 5.1325 5.1725 5.1225 5.1325 4.8225 5.1225 5.1425 5.1225 5.1225 5.1225 5.1225 4.8925 4.1225 5.1225 3.0515 2.8266 3.0693 3.091 3.527 4.3524 3.1227 4.5124 4.4524 4.8824 4.5724 4.6624 4.8924 4.6124 4.6924 4.4124 4.6224 4.3324 4.5224 4.3324 4.5724 3.6535 3.4008 5.1224 5.1124 5.1224 5.1224 5.1224 4.8224 5.1224 5.1224 5.1324 5.1324 5.1324 5.1324 4.6824 5.1324 5.2024 5.0724 3.0229 5.0824 5.1124 5.1224 5.1124 5.1324 5.0924 5.0924 5.1324 5.1124 4.5424 4.6824 4.4124 4.7924 4.6224
5.1325 5.1225 5.1325 5.1225 5.1225 5.1225 5.1725 5.1325 5.1325 4.7625 5.1225 5.1325 5.1225 5.1225 5.1225 4.9525 4.2825 4.5625 5.1225 3.0969 4.6224 3.5733 3.5733 4.4624 4.3624 4.7124 2.9853 4.8024 4.8924 4.6924 4.7424 4.7724 4.5424 4.5524 5.0524 4.4024 4.7124 4.5024 4.3524 4.9524 3.8183 3.4536 5.1224 5.1224 5.1224 5.1224 5.1324 4.9224 5.1224 5.1424 5.1224 5.1224 5.1224 5.1224 4.5824 4.9824 4.9924 3.1061 4.5124 5.0824 5.0424 5.0924 5.1224 5.0824 5.1224 5.1024 4.8324 4.3924 4.5733 5.1224 4.9424 4.8224 4.4924
5.1225 5.1225 5.1325 5.1325 5.1425 5.1625 5.1425 5.1325 5.1425 5.1125 5.1225 5.1325 5.1225 5.1225 5.1925 4.3125 5.1225 4.3625 5.1225 5.0724 3.5702 4.5224 4.3424 4.8024 4.7024 4.9824 3.0749 4.7524 4.9824 5.0924 4.5724 4.7824 4.5824 4.7324 4.4724 4.6824 4.6024 4.8624 5.1324 5.1524 5.1324 4.0746 3.404 5.1224 5.1324 5.1224 5.1224 5.1624 5.1324 5.1424 5.1324 5.1224 5.1224 5.1224 5.0124 5.0924 5.0824 3.1254 4.7424 5.0824 5.1224 4.9724 5.1024 5.1324 5.1224 5.0824 4.6424 4.4324 5.0024 5.1324 5.0624 4.9824 4.4324
5.1225 5.1225 5.1325 5.1225 5.1425 5.1225 5.1225 5.1225 5.1325 5.1225 5.1025 5.1225 5.1225 5.1225 5.1296 4.9525 5.1125 3.5459 3.5526 3.6287 4.4824 4.3124 4.4224 4.9924 4.3824 4.7324 3.0646 4.2824 4.3424 4.8424 4.2824 4.4624 4.5824 4.6924 4.6324 4.7224 5.1124 5.1224 5.1224 5.1424 5.1224 4.9824 3.6386 5.1324 5.1324 5.1224 5.1224 5.1524 5.1224 5.0624 5.1524 5.1224 5.1324 5.1324 5.0324 4.7624 4.6024 3.0547 5.1124 5.0624 5.1224 5.1224 5.1324 4.9524 4.7224 4.4724 4.3324 4.6924 4.7524 4.8924 5.1124 5.0824 4.3624
5.1225 5.1425 5.1225 5.1325 5.1225 5.1225 5.1325 5.1525 5.1225 5.0025 4.6425 5.1225 5.1225 5.1225 4.8952 5.1025 3.5592 4.3625 4.3124 4.3824 4.5324 4.3824 4.6224 4.6924 4.4224 4.5624 4.8224 2.8756 4.9624 4.8624 4.5524 4.4024 4.3924 4.8824 4.6624 4.8724 5.1224 5.1324 5.1224 5.1324 5.1324 5.1224 3.5267 5.1324 5.1324 5.1224 5.1224 5.1224 5.1324 5.1324 5.1324 5.1324 5.1324 5.1424 5.0924 4.3424 3.0436 4.6324 4.8824 5.1224 5.1224 5.1224 4.9024 4.3091 4.7924 5.0124 4.8124 4.5824 4.4624 4.7924 5.0824 4.9024 5.0324
5.1325 5.1425 5.1525 5.1225 5.1225 5.1225 5.1225 5.1125 5.0225 5.1225 4.7825 5.1325 5.1925 5.1325 5.0572 3.5073 4.5925 4.3924 4.2824 4.3424 4.6424 4.3924 4.4224 4.5124 4.5924 4.5024 5.0424 2.9362 4.8124 4.7924 4.6424 4.3924 4.6468 4.1333 4.4924 5.1224 5.1424 5.1424 5.1324 5.1224 5.1224 5.1424 3.5633 5.1224 5.1324 5.1224 5.1424 5.1224 5.1224 5.1224 5.0024 5.1224 5.1224 4.9624 3.1587 3.0389 5.0224 4.9224 5.0724 5.1224 4.9307 4.9924 5.1124 4.9824 4.9524 4.5824 4.5224 4.4224 4.6924 4.3824 4.9224 4.8124 4.7424
5.1225 5.1325 5.1225 5.1225 5.1225 5.0225 5.1325 5.1225 5.1425 5.1225 5.1225 5.1025 5.0525 4.7425 3.3811 4.6525 4.6724 4.3424 4.4524 4.5424 4.8524 4.6524 4.5924 4.7624 4.9924 4.3724 4.7724 2.9278 4.3724 4.5124 4.8424 4.4324 4.4924 4.6424 5.1024 5.1424 5.1224 5.1224 5.1224 5.1424 5.1324 5.1424 3.8835 3.1664 5.1424 5.1224 5.1124 5.1224 5.0524 5.1424 5.0624 5.1224 3.1843 3.2472 4.1502 2.959 5.1024 4.9724 5.1224 4.7324 4.7185 4.1624 5.0524 5.1024 4.4824 5.1224 4.6224 5.0524 4.5124 4.3124 4.7924 4.7524 4.9224
5.0608 5.0408 5.1225 4.8325 5.1225 5.1325 5.1325 5.1325 5.1225 5.1225 5.1225 4.1725 3.0498 3.1472 4.4525 4.5924 4.5424 4.9424 4.5224 4.3624 4.6724 4.6324 4.3424 4.3924 4.3624 4.4524 4.7824 2.8774 4.4224 4.4824 4.8024 5.1224 5.1224 5.0824 5.1224 5.1224 5.1324 5.1324 5.1324 5.1224 5.1224 5.1224 4.4424 3.1189 5.0424 5.1424 5.1224 5.1224 5.1224 5.1224 5.0924 2.9603 4.2024 4.1224 4.0724 3.1422 4.7224 4.7624 4.5224 4.0818 4.4924 5.0524 4.4524 4.5424 4.7224 4.9324 4.7724 4.8024 4.8024 4.4124 4.7524 4.3524 4.6924
4.8325 4.9125 5.0725 5.1225 5.1225 5.1225 5.1225 5.1225 5.1225 5.0725 5.0425 2.8697 4.3025 4.6125 4.4824 4.5824 4.9724 5.0424 4.5124 4.6224 4.4224 4.5724 4.5424 4.4924 4.1424 4.4424 5.0724 4.9724 2.8401 5.1224 5.1424 5.1424 5.1324 4.9324 5.1324 5.1224 5.1324 5.1224 5.1324 5.1224 5.1224 5.1424 4.9724 3.1002 3.0623 3.0914 3.2582 3.2336 3.2647 3.1084 3.1604 3.1691 3.2024 3.178 3.182 3.072 4.8724 4.4924 4.4124 4.9824 4.4824 5.1124 4.8724 4.3324 4.8424 4.8124 4.8324 4.3924 4.4224 4.2224 4.1924 4.2124 4.2124
4.7325 4.7225 4.2025 4.6425 4.4925 4.4025 4.5825 5.0925 4.4925 3.6234 3.5925 5.0725 4.2325 4.3325 4.7924 4.6312 4.6824 4.8024 4.4524 4.4424 4.4224 4.6924 4.3824 4.5324 4.6124 4.8024 4.9124 5.0624 3.0634 5.1424 5.1224 5.1324 5.1424 5.1224 5.1224 5.1324 5.1324 5.1324 5.1224 5.1324 5.1324 5.1224 5.1424 2.1194 2.1799 3.9665 3.1461 4.0324 3.9424 4.2996 4.1071 4.4724 5.1224 5.1424 5.1324 2.7792 4.7124 5.0524 4.9924 4.9124 4.8324 4.8324 4.7724 4.4924 4.5824 4.7924 5.0024 4.3424 4.3724 4.2224 4.3024 4.6024 4.2324
4.9325 5.1225 4.9925 4.5725 5.1225 5.1225 5.1225 4.9725 3.5609 5.0425 5.1125 5.1125 4.3925 4.6925 4.6424 4.4524 4.7024 4.7624 4.7424 4.5724 4.4824 4.3724 4.5524 4.8524 4.7924 5.0024 4.9424 4.9024 3.0685 5.1424 5.1724 5.1624 5.1624 5.1224 5.1224 5.1724 5.1424 5.1324 5.1224 5.1224 5.1324 5.1424 4.9724 2.488 2.1799 3.4503 5.1424 5.1324 5.1324 5.1224 5.1124 5.2124 5.1224 5.1224 5.1224 2.9117 4.7924 5.1024 4.7824 4.7924 5.1024 4.8024 4.9824 4.9624 4.6124 4.4924 4.3924 4.3024 4.3824 4.2224 4.1724 4.4423 4.2323
5.1325 5.1225 5.1225 5.1225 5.1225 5.1225 5.1725 3.7114 5.1625 5.1325 5.1425 5.1225 4.3125 4.6824 5.0424 4.3824 4.4124 4.9324 4.9124 4.3724 4.5724 4.5924 4.7624 4.8024 4.7224 4.9024 5.1024 5.0924 3.0844 5.1324 5.1524 5.1824 5.1224 5.1324 5.0624 5.1324 5.1224 5.1324 5.0724 5.1324 5.1224 4.6224 2.7616 4.3141 2.7398 5.1424 5.1224 5.1724 5.1624 5.1524 5.1324 5.1224 5.1224 5.1024 5.1224 5.1224 2.9842 4.9724 5.0124 5.1224 5.1224 5.1324 4.9024 5.0924 4.6824 4.9024 4.7924 4.3224 4.2623 4.3723 4.2223 5.0623 4.3523
5.1225 5.1325 5.1225 5.1425 5.1225 3.6279 3.745 5.1225 5.1125 5.1225 5.1325 5.1225 4.6725 4.3624 5.0024 4.7324 4.5024 4.3143 4.5924 4.5224 4.4724 4.8624 4.7124 4.5424 4.3624 4.8224 4.9324 5.1124 5.1024 2.9014 5.1224 5.1224 5.1224 5.1424 4.9824 5.1324 5.1324 5.1224 5.0624 5.1324 5.1324 3.0878 4.1424 4.6196 3.0547 3.8737 5.1324 5.1224 5.1324 5.1224 5.1424 5.1224 5.1324 5.1324 5.1224 5.1224 3.0813 4.9724 5.0524 5.0924 5.1224 5.1124 4.7624 4.6724 4.5313 4.9323 4.4423 4.1823 4.2623 4.2423 4.2423 4.9223 4.3623
5.1425 5.1225 5.1325 5.1225 3.7228 5.1425 5.1325 5.0925 5.1325 5.1225 5.1225 5.1225 5.0925 4.4024 4.2924 4.3624 4.3724 4.4424 4.4624 4.7024 4.5724 4.9124 4.4624 4.5724 4.3624 4.9124 4.9324 5.0824 5.0124 3.1176 5.1224 5.1224 5.1224 5.1224 5.1224 5.1624 5.1924 5.1324 5.1524 5.1224 5.1324 4.8524 3.2496 4.5166 3.0132 3.9596 5.1224 5.1224 5.1224 5.1224 5.1424 5.1224 5.1224 5.1224 5.1224 5.1224 3.019 5.0524 5.0824 5.1224 5.0724 5.0724 4.8024 4.9523 4.9423 4.7023 4.2623 4.2223 4.3223 4.2023 4.4123 4.5423 4.1323
5.1225 3.8796 3.8796 3.85 5.1325 5.1225 5.1325 5.1325 5.1225 5.1425 5.1225 5.1225 5.1224 4.3524 4.2424 4.2924 4.5524 4.9824 4.6024 4.8124 4.4424 4.5024 4.4124 4.4024 4.4524 4.6624 4.9924 4.9624 5.1224 3.0562 5.1324 5.1224 5.1224 5.1324 5.1224 5.1424 5.1324 5.1324 5.1424 5.1424 5.1324 5.0224 5.0524 3.1162 3.1804 3.939 5.1724 5.1324 5.1224 5.1224 5.1524 5.1324 5.1224 5.1324 5.1224 5.1324 3.0045 4.8824 5.0624 4.9324 4.9124 5.1023 5.1123 5.0223 4.9923 4.2723 4.2523 4.7623 4.6323 4.3523 4.2623 4.2623 4.2323
3.88 4.7725 5.2325 5.1225 5.1325 5.1325 5.2125 5.1425 5.1225 5.1225 5.1225 5.1225 5.1224 4.5624 4.5924 4.8724 4.3624 4.3924 4.8724 4.7524 4.4024 4.6324 4.8924 4.6824 4.7424 4.5824 5.1124 5.1324 5.1324 4.9124 2.9792 5.1224 5.1224 5.1224 5.1424 4.9524 5.1224 5.1324 5.1224 5.1324 5.1424 5.1324 5.1224 4.6124 3.0926 3.939 4.8324 5.1724 5.1324 5.1224 5.1224 5.1624 5.1524 5.1424 5.1324 5.1224 3.0216 5.0524 5.0924 5.0223 5.1223 5.1223 5.0323 4.9723 4.8923 4.2423 5.0223 4.9523 4.2323 4.1323 4.8123 4.2823 4.2823
3.7762 5.1225 5.1025 5.1225 5.1225 5.1225 5.1225 5.1225 5.1325 5.1225 5.1325 5.1425 5.1324 4.7924 4.6724 4.3924 4.3424 4.2824 4.8024 4.7924 4.6624 4.5424 4.8624 4.4224 4.6324 5.1324 5.1224 5.1324 5.1424 5.1224 2.9334 5.1324 5.1524 5.1324 5.1524 5.1224 5.1424 5.1524 5.1424 5.1324 5.1224 5.1324 5.1224 5.1124 3.102 3.5124 3.8163 5.1524 5.1224 5.1224 5.1224 5.1224 5.1324 5.1324 5.1224 5.1324 2.9883 4.9724 5.1023 5.0123 5.1223 5.0923 4.8523 4.6423 4.4123 4.2523 4.2923 4.2623 4.1523 4.1823 4.3623 4.2223 4.1823
5.1325 5.1325 5.1325 5.1225 5.1325 5.1225 5.1225 5.1225 5.1225 5.1325 5.1325 5.1224 5.1324 5.0924 4.3724 4.4524 4.2624 4.4824 4.6624 4.7224 4.8624 4.6224 4.6124 5.1124 5.1224 5.1524 5.1224 5.1324 5.1224 5.1624 3.0085 5.1524 5.1424 5.1324 5.1524 5.1424 5.1324 5.1524 5.1424 5.1524 5.2124 4.8724 3.2302 3.2298 4.8724 5.1324 5.1224 3.9248 5.1424 5.1324 5.1324 5.1424 5.1224 5.1324 5.1424 5.1224 5.1124 2.9433 4.8223 4.6923 4.8423 4.6523 4.4423 4.8923 4.6623 4.2423 4.2023 4.2423 4.3323 4.3423 4.3023 4.2823 4.3723
5.1325 5.1225 5.1225 5.1225 5.1225 5.1225 5.1325 5.1225 5.1225 5.1325 4.781 5.1224 4.9224 5.1224 4.2624 4.3724 4.2924 4.3424 4.6724 4.5324 4.4624 5.1424 5.1224 5.1324 5.1224 5.0924 5.1224 5.1424 5.1624 5.1224 3.1355 5.1224 5.1424 5.1224 5.1424 5.1324 5.1224 5.1524 5.1424 5.1424 4.8624 2.9338 4.155 4.0724 5.1124 5.1424 5.1224 4.6924 3.914 5.1224 5.1424 5.1224 5.1224 5.1224 5.1324 5.1324 5.1223 2.9153 4.4423 4.5523 4.7223 4.4523 4.3823 4.4323 4.2123 4.2223 4.3423 4.5623 4.5523 4.1723 4.4723 4.5323 4.7923
5.1225 5.1225 5.1225 5.1225 5.1125 5.0925 5.1225 5.1225 5.1325 5.1425 5.1625 5.1224 5.0256 5.1224 4.6124 4.4324 4.6924 4.5024 5.0424 5.1324 5.1324 5.1224 5.1224 5.1424 5.1424 5.1224 5.1224 5.1224 5.1524 5.1424 4.9224 2.9602 5.1224 5.1224 5.1224 5.1224 5.1324 5.1924 5.1924 5.1524 3.1656 4.5224 5.1924 5.1224 5.1424 5.1324 5.1224 5.0624 3.9919 5.1324 5.1324 5.1324 5.1324 5.1224 5.1324 5.1123 5.1323 2.9871 4.4323 4.4023 4.3523 4.4823 4.2223 4.3523 4.5923 4.6423 4.9623 4.7623 4.7723 4.2923 4.9423 4.9123 4.8623
5.1225 5.1225 5.1325 5.1325 5.1225 5.1325 5.1225 5.1625 5.2025 5.1825 5.1324 5.1224 5.1324 5.1224 4.9624 4.3324 4.9824 5.1224 5.1524 5.1224 5.1224 5.1224 5.1324 5.1224 5.1224 5.1424 5.1624 5.1324 5.1224 5.1524 5.1624 2.9664 5.1324 5.1224 5.1224 5.1624 5.1624 5.1324 5.1924 5.1824 3.0429 5.6224 5.1424 5.1224 5.1324 5.1324 5.1524 5.1224 3.9919 5.1424 5.1324 5.1224 5.1324 5.1524 5.1223 4.3023 5.1323 2.8809 4.4323 4.4023 4.6723 4.2823 4.1223 4.2423 4.9323 4.8723 5.0223 4.6023 4.4423 4.6223 4.9923 4.8523 4.6623
5.1225 5.1225 5.1225 5.1425 5.0825 5.0125 4.9625 5.1225 5.1025 5.1225 5.1224 5.1224 5.1224 5.1224 5.1324 5.1224 5.1224 5.1224 5.1224 5.1324 5.1224 5.1224 5.1224 5.1224 5.1224 5.1224 5.1224 5.1224 5.1224 5.1424 5.1324 3.141 5.1224 5.1224 5.1224 5.1224 5.1424 5.1224 5.1324 5.0824 2.9625 5.1224 5.1224 5.1224 5.1224 5.1224 5.1324 5.1324 3.7213 5.1424 5.1224 5.1224 5.1324 5.1223 5.1323 4.5523 5.1323 3.0011 4.3423 4.4123 4.2223 4.2323 4.2223 4.2823 5.0323 4.8823 4.9623 4.3823 4.2623 4.6123 4.2623 5.1023 4.7823
