example/public/data/projects/ApiTest/raster.asc
nCols        380
nRows        206
xllCorner    102600
yllCorner    425300
CellSize     100
nodata_value -9999
[rows 96 to 127 of 206, columns 146 to 218 of 380]
5.1425 5.1325 5.1325 5.1125 5.1225 5.0925 5.1225 4.8325 5.1225 5.1225 5.1225 5.1325 5.1225 4.7725 5.1225 5.1525 5.1225 5.1325 5.1225 5.0625 5.1325 5.1225 5.1225 5.1225 5.1225 5.1225 5.1225 5.1225 3.7538 4.2025 4.6225 4.5625 4.7125 5.0225 5.0925 4.6725 4.6525 4.9125 4.7625 4.7825 4.9925 5.1225 5.1325 5.1225 5.1225 5.1325 5.1225 5.1425 5.1325 5.1525 5.1625 5.1525 5.1325 5.1225 5.1425 5.1525 5.2925 4.9825 5.1225 5.1525 5.1225 5.1225 5.1325 5.1325 4.9925 5.1225 5.1225 5.1225 5.1325 5.1325 5.1325 4.9725 5.0925
5.1425 5.1225 5.1325 5.1225 5.1325 5.1225 4.9825 5.0325 5.1225 5.1225 5.1025 5.1225 4.8525 4.5525 5.0225 5.1225 5.1725 5.1225 5.1225 5.1325 5.1525 5.1425 5.1425 5.1225 5.1225 5.1225 5.1225 5.1325 4.9225 2.9746 4.3525 5.1025 4.9825 5.1225 5.0725 5.0025 4.9025 5.0925 5.1325 5.1325 5.1325 5.1225 5.0425 5.1125 5.1225 5.1325 5.1225 5.1325 5.1225 5.1325 5.1225 5.1225 5.1425 5.1325 5.1225 5.1225 5.0725 5.1225 5.1325 5.1225 5.1225 5.1225 5.1225 5.0925 5.1225 5.1325 5.1325 5.1225 5.1125 5.1325 5.1225 5.1325 5.1225
5.1225 5.1325 5.1325 5.1325 4.7225 5.1225 5.1325 5.1225 5.1125 4.8825 5.1625 5.0125 5.1225 5.1225 5.1325 5.1225 5.1325 5.1225 5.1325 5.1225 5.1325 5.1225 5.1225 5.1225 5.1225 5.1225 4.8025 4.6725 4.3625 3.4468 3.0801 5.1325 5.0925 5.1225 5.1225 5.1225 5.1125 5.1225 5.1225 5.1225 5.1225 5.1225 5.1225 5.1325 5.1225 5.1425 5.1225 5.1425 5.1225 5.1325 5.0825 5.1225 5.1325 5.1225 4.7125 5.0525 5.1125 5.1425 5.0425 5.1225 5.1325 5.1425 5.1325 5.1325 5.1425 5.1225 5.1225 5.1225 5.1125 5.0625 5.0525 5.1325 5.1225
5.1525 5.1525 5.1225 5.1325 4.9825 5.0725 5.0325 4.9525 5.1225 5.0725 4.4325 5.1225 5.1225 5.1225 5.1225 5.1225 5.1425 5.1225 5.1225 5.1225 5.1225 5.1225 5.1225 5.1725 4.8825 4.7225 4.7625 4.3425 4.4525 3.5586 4.1725 3.1409 5.1325 4.7425 5.1225 5.1225 5.1225 5.0125 5.1225 5.1125 5.1225 5.1225 5.1325 5.1225 5.1025 5.1225 5.1225 5.1225 5.1425 5.1225 5.5925 5.1125 5.2025 4.8725 5.1325 5.1425 5.1225 5.1425 5.0125 5.1225 5.1225 4.8725 5.1225 5.1225 5.1425 5.1125 5.1325 5.0425 5.1525 5.0425 5.1225 5.1225 5.1225
5.1325 5.1225 5.1325 4.9725 5.1325 5.1325 5.1225 5.1225 5.0525 4.7425 5.1225 4.7825 5.1225 5.1225 5.1225 5.1225 5.1325 5.1225 5.1325 5.1225 5.1225 5.1325 5.1425 5.0425 5.0925 4.5125 4.5525 5.1325 5.1525 3.9314 4.2725 3.186 5.1225 4.6525 5.1325 5.1225 5.1325 5.1325 5.1225 5.1325 5.1325 5.1225 5.1325 5.1425 5.1625 5.1225 5.1225 5.1225 5.1225 4.8925 4.9925 4.8125 5.0925 5.4225 5.1225 5.1225 5.1225 5.1225 5.0725 5.0925 5.1225 5.1325 5.1225 5.1325 5.1425 5.1225 5.1225 5.1225 5.1225 4.9525 4.5325 5.1025 5.1225
5.1225 5.1325 5.1225 5.1225 5.1325 5.1225 4.8725 5.1225 5.1325 5.1225 5.1125 4.7925 5.1225 4.9725 5.1325 5.1225 5.1225 5.1225 5.1325 5.1225 5.1225 5.1225 5.1825 5.0425 4.1938 4.6825 4.6025 5.1425 5.1225 5.1225 3.8446 3.1812 5.0025 5.1225 5.1225 5.1225 5.1225 5.1425 5.1225 5.1225 5.1225 5.1225 5.1925 5.1225 5.1425 5.1225 5.1225 5.1325 5.1925 4.9625 4.9325 4.7325 5.1325 5.1225 5.1225 5.1225 5.1325 5.1325 5.1225 5.0525 5.1225 5.1425 5.1225 5.1725 5.1225 5.1225 5.1325 5.1325 5.1225 5.1225 5.1225 4.8025 5.1225
5.1225 5.1225 5.1025 5.1225 5.1225 5.1325 5.1225 5.1225 5.1225 5.1225 5.1225 5.0825 4.7225 4.9125 5.0725 5.1225 5.1225 4.9725 5.1225 5.1325 5.1025 5.0225 5.1225 5.1225 4.8225 4.4725 4.5325 5.1625 5.1325 5.1225 3.8627 4.2025 3.1781 5.1325 5.1225 5.1325 5.1225 5.1225 5.0925 5.1225 5.1225 5.1225 5.1225 5.1525 5.1225 5.1225 5.1325 5.1625 5.0625 4.9525 5.4025 5.1825 5.1425 5.1025 5.1225 5.1225 5.1225 5.1225 5.1625 4.6925 5.1225 5.1225 5.1425 5.1225 5.1225 5.1225 5.1225 5.1225 5.1225 5.1325 5.1225 4.4625 5.1225
5.1125 5.1225 5.1125 5.1225 5.1225 5.1225 5.1225 5.1225 5.1625 5.1025 5.0625 5.0325 5.0325 5.1525 5.0225 4.7725 5.0825 5.0225 5.1525 4.9525 5.1325 5.1325 5.0825 4.8925 4.3725 4.6525 4.4525 5.1325 5.1225 5.1225 3.8627 4.1925 3.1936 5.1225 5.1625 5.1225 5.1225 5.1225 5.1225 5.1225 5.1525 5.1225 5.1825 5.1325 5.1325 5.1225 5.1225 5.1225 5.0925 5.3725 5.1925 5.1625 5.1425 5.1225 5.1325 5.1225 5.1225 5.1525 5.1225 4.8825 5.1125 5.1225 5.1225 5.1225 5.1425 5.1225 5.1225 5.1225 5.1225 5.1425 4.8625 4.5725 4.8425
3.0609 5.1825 5.1625 5.1425 5.1725 4.9125 4.7525 5.0525 5.0425 5.1125 4.7325 5.0625 5.1225 5.1225 5.1225 5.1325 5.1225 5.1325 5.1425 5.1425 5.1525 5.1325 4.6125 4.5425 4.6725 4.5525 4.8925 5.1325 5.1325 5.1225 3.8772 4.8225 3.1606 5.1225 5.1225 5.1825 5.1625 5.1425 5.1225 5.1225 5.1225 5.1225 5.1225 5.1525 5.1225 5.1325 5.1425 5.3725 4.7525 5.1625 5.1825 5.1425 5.1225 5.1625 5.1125 5.1425 5.1525 5.1325 5.1225 5.1225 5.1125 5.1325 5.1225 5.1225 5.1425 5.1325 5.1225 5.1225 5.0925 4.7325 4.4725 5.0025 4.6725
4.639 3.0351 5.1125 5.1025 5.1125 5.0725 5.0225 5.0925 5.1325 5.1225 5.1225 5.0225 5.1225 5.1225 5.1325 5.1225 5.1325 5.1325 5.1525 5.1425 5.1325 5.1625 4.5325 4.9225 5.1225 5.1225 5.1225 5.1325 5.1325 5.1525 5.1225 3.9058 3.145 5.1125 5.1425 5.1725 5.1225 5.1225 5.1225 5.1225 5.1225 5.1325 5.1525 5.0125 5.1425 5.1225 5.1725 4.9625 5.1925 5.2425 5.1225 5.1525 5.1425 5.1225 5.1325 5.1225 5.1225 5.1325 5.1225 5.1225 5.0125 5.1225 5.1325 5.1325 5.1225 5.1225 5.1225 5.1225 5.1625 4.6825 4.1225 4.1225 4.3725
5.1625 4.4842 3.0122 4.9525 5.1125 5.1225 5.1225 5.1125 5.1525 5.1225 5.1225 5.0025 5.1325 5.1325 5.1225 5.1425 5.1225 5.1225 5.1325 5.1225 4.9325 4.5525 4.7125 5.1225 5.1225 5.1325 5.1225 5.1225 5.1325 5.1425 5.1325 4.7525 3.2036 4.9325 5.1225 5.1325 5.0925 5.1225 5.1125 5.1225 5.1225 5.1425 5.1225 5.0725 5.3525 4.7225 4.4225 5.1025 5.1225 5.1225 5.1225 5.1525 5.1325 5.1225 5.1025 5.1225 5.1225 5.1525 5.1225 5.1225 4.9825 5.1025 5.1125 4.7425 5.1225 5.1225 5.1125 5.1425 4.5225 4.2125 4.1225 3.8725 2.6441
5.2825 5.3225 4.3424 3.1311 5.1225 5.1325 5.1225 4.6425 5.0925 5.1225 5.1325 5.0925 5.1225 5.1225 5.1225 5.1325 5.1225 5.1225 5.1125 4.5325 4.2725 4.6225 5.1225 5.1325 5.1225 5.1225 5.1225 5.1225 5.1225 5.1225 5.1225 5.1025 3.2128 5.1125 4.9625 5.1225 5.3725 5.0625 5.1225 5.1225 5.1325 5.1325 5.1225 5.3725 5.1225 4.6325 5.1925 5.1625 5.1325 5.1525 5.2125 5.1425 5.1125 5.1425 5.1125 5.1325 5.1225 5.1225 5.1325 5.1225 4.9525 5.1225 5.1225 5.0325 4.8525 4.6825 4.8225 4.2225 4.2025 4.3125 4.6225 2.263 4.8825
5.2025 5.2225 5.1925 4.5268 3.0915 5.1225 5.1325 5.0425 5.1225 5.1225 5.0625 4.9425 5.1225 5.1425 5.1225 5.1225 5.1225 5.1225 4.4625 4.5225 4.8725 5.1625 5.1225 5.1225 5.1325 5.1325 5.1225 5.1225 5.1225 5.1225 5.1225 5.1225 3.295 4.6225 4.1225 5.1225 4.8725 5.1225 5.1225 5.1225 5.0925 5.1225 5.0825 5.1225 5.3425 5.1525 5.1225 5.1225 5.1325 5.1325 5.1925 5.1325 5.1225 5.1325 5.1225 5.1325 5.1125 5.1425 5.1225 5.1325 5.1225 5.0225 5.1325 5.1325 4.3925 4.1225 4.2825 4.2125 4.3625 4.1925 2.7871 4.1225 4.6225
5.1825 5.2725 5.1625 5.0925 3.1138 5.1725 5.1625 5.1325 5.0425 5.0925 5.1425 5.0925 5.3125 5.2825 5.2825 5.1225 5.0625 4.6625 4.3225 5.1025 5.1325 5.1325 5.1325 5.1225 5.1225 5.1225 5.1225 5.1125 5.1225 5.1225 5.1225 5.1325 3.4852 2.7053 5.2725 5.1325 5.1325 5.1625 5.1225 4.8525 5.3725 4.3725 5.6225 5.1425 5.2125 5.0925 5.1225 5.1325 5.1225 5.1225 5.1225 5.1225 5.1325 5.1225 5.1325 5.1325 5.1225 5.1225 5.1225 5.1225 5.1225 5.0825 5.1225 5.1225 4.9025 4.1525 4.1325 4.6325 5.1225 3.9625 2.8566 5.0325 4.8325
5.1325 5.1425 5.1225 5.1325 5.0125 3.0753 5.1625 5.0725 5.1025 5.1025 5.1225 5.1225 5.1325 5.1225 5.1225 5.1325 4.3225 4.4425 5.0925 5.1225 5.1225 5.1225 5.1225 5.1225 5.1225 5.1225 5.1225 5.1225 5.1225 5.1225 5.1225 4.7725 3.3742 2.5393 5.2325 5.1125 5.1225 5.1625 5.3725 5.6725 5.3325 4.7425 4.8825 5.1225 5.1225 5.1225 5.0825 5.1225 5.1225 5.1325 5.1225 5.0925 5.1225 5.1225 5.1525 5.1625 5.1225 5.1225 5.1225 5.1025 5.1225 4.7825 5.1225 5.1225 4.3125 4.1225 4.4125 4.8925 3.8725 2.6614 2.9434 2.9141 2.9849
5.2025 5.1225 5.1225 5.1225 5.1325 4.8515 3.0294 5.1125 5.1225 5.1225 5.1125 5.1225 5.1225 5.1225 5.1225 4.5425 4.2825 5.1225 3.1218 3.1269 3.1839 3.3391 5.1225 5.1225 5.1225 5.1325 5.1225 5.1225 5.1225 5.1325 4.7525 3.2437 4.352 3.1297 3.2891 5.1225 5.1225 5.1325 5.1225 5.1225 5.1525 5.1225 5.1225 5.1025 5.1225 5.1225 5.1225 5.1225 5.1225 5.1225 5.1225 5.0725 5.1525 5.0825 5.1525 5.1325 5.1225 5.1225 5.1225 5.1225 4.9625 3.5624 3.5624 3.5219 3.5113 3.326 1.5508 1.5508 1.6517 3.2489 3.7061 3.759 3.759
5.1325 5.1225 5.1325 5.1225 5.1325 5.1225 4.7525 3.0333 5.1225 5.1325 5.1225 5.0625 4.5825 3.0031 3.049 3.0581 3.1455 3.1763 5.1025 5.1225 5.1225 5.1025 3.194 5.1225 5.1325 5.1225 5.1225 5.1225 5.1225 4.2825 3.2239 5.1225 5.1125 5.1225 3.1952 5.1425 5.1225 5.1325 5.1325 4.8625 5.1425 5.1225 5.1225 5.0925 5.1525 5.1325 5.1225 5.0125 5.1225 5.1225 5.1225 5.1225 5.1325 5.1225 5.1325 5.1225 5.0825 5.1225 5.0925 4.4125 3.8894 4.2125 4.1225 2.973 4.4025 4.6125 5.1225 2.9575 5.3725 5.1225 5.1225 5.0725 5.0925
5.1225 5.1225 5.1325 5.1325 5.1225 5.1525 5.1225 4.4325 2.9887 3.0069 3.0185 3.0436 3.0062 4.9025 5.0525 5.1225 5.1425 5.1225 5.1225 5.1225 5.1225 5.1325 3.246 5.1225 5.1225 5.1325 5.1225 3.2194 3.2042 3.2124 5.1225 5.1225 5.1325 5.1625 3.1335 5.1225 5.1325 5.1325 5.1325 5.1725 5.1225 5.1325 5.1325 5.2425 5.1225 5.1225 5.1225 5.1325 5.1325 5.1225 5.0725 5.1125 5.0625 5.1225 5.1225 5.1225 4.6125 4.5125 4.0784 3.6567 4.1225 4.2525 4.2725 4.4225 3.3605 3.0955 2.9239 4.8725 5.1125 5.1225 5.1225 5.0925 5.1325
5.1225 5.1225 5.1225 5.1225 5.1225 5.0325 4.4725 5.1225 4.3525 2.9635 5.0425 5.1225 5.1225 5.1325 5.1225 5.1225 5.1225 5.1625 5.1225 5.1225 5.1225 5.1325 4.6873 3.2327 5.1225 5.1125 3.2623 4.4844 5.1225 5.1325 5.1325 5.1225 5.1225 5.0825 3.7774 3.1672 5.1225 5.1525 5.1225 5.1425 5.1225 5.1225 5.1225 5.1225 5.1225 5.1325 5.1325 5.1325 5.1225 5.1325 5.1225 5.0225 5.0425 4.8925 4.3025 4.4025 4.7525 5.1225 4.1825 4.0776 4.1225 4.4525 4.6125 4.3025 2.8974 4.4525 5.1525 5.1125 5.1225 5.1225 5.1225 5.1225 5.1225
5.1525 5.1225 5.1225 5.1225 5.1225 4.3825 5.1125 5.1325 5.1225 3.1545 5.1225 5.1225 5.1225 5.1325 5.1325 5.1225 5.1225 5.1225 5.1225 5.1225 5.1225 5.1325 5.1325 4.8125 3.2274 3.2832 5.0125 5.1625 5.1325 5.1725 5.1225 5.1225 5.1425 5.1225 4.1069 3.5663 5.1425 5.1225 5.1225 5.1225 5.0325 5.1425 5.1225 5.1225 5.1225 5.1325 5.1325 5.1325 5.1225 5.1225 5.1225 5.1225 4.7425 4.1625 4.8425 5.0525 4.8125 3.5442 3.723 4.2125 4.2025 4.2125 4.5225 4.3725 2.6105 4.7825 5.1225 5.0525 4.9825 5.1225 5.1225 5.1225 5.1225
5.1325 5.1225 5.1225 5.1325 5.1225 5.0025 5.1225 5.1325 5.1225 5.1325 3.2165 5.1225 5.1225 5.1225 5.1225 5.1225 5.1325 5.1225 5.1225 5.1225 5.1325 5.1225 5.1925 5.1225 5.1325 5.1325 5.1425 5.1325 5.1225 5.1225 5.1725 5.0825 5.1625 5.1225 5.1225 3.6165 5.1125 5.1525 5.1225 5.1225 5.1225 5.1225 5.1225 5.1425 4.8925 5.0625 5.1225 5.1225 5.1225 5.1325 5.1125 5.1025 4.4225 4.1725 4.2825 4.5525 3.3077 4.1325 4.1925 4.2425 5.1025 4.5725 5.0225 4.2025 2.4756 4.7525 4.9825 4.9825 4.9825 5.1125 5.1225 5.1225 5.1225
5.1225 5.1325 5.1225 5.1225 5.0825 5.1225 5.1425 5.1425 5.1425 5.1325 4.9825 3.1841 5.1225 5.1225 5.1225 5.1225 5.1325 5.1225 5.1425 5.1425 5.1225 5.1425 5.1325 5.1225 5.1325 5.1425 5.1225 5.1325 5.1825 5.0725 4.8525 5.2125 5.1225 5.1325 5.1125 3.5725 2.7705 5.0925 5.1225 5.0625 5.0425 5.1225 5.1125 5.1225 4.8725 5.1225 5.1225 5.1125 5.1225 5.1225 4.9425 4.4425 4.2025 4.1725 4.1625 3.3226 4.1725 4.1751 4.8125 4.5625 5.0325 4.6925 4.6525 4.3125 2.7985 4.7225 5.0525 5.1225 5.1225 5.1225 5.1225 5.1225 5.1225
5.1425 5.1325 5.1225 5.1225 4.9673 4.8525 5.1525 4.9825 5.0825 5.1325 5.1225 4.8625 3.1765 5.1425 5.1525 5.1325 5.1225 5.1225 5.1725 5.1325 5.1825 5.1225 5.1325 5.1825 5.1925 5.1225 5.9525 5.3125 4.4225 4.5925 5.1525 5.1525 5.1525 5.1525 5.1325 3.5725 2.8965 5.1225 5.1125 5.1225 5.1325 5.1225 5.1325 5.1125 5.0625 5.1425 5.0825 5.1225 5.1125 5.1225 5.0525 4.3225 4.1525 4.2325 3.4465 4.7325 4.6925 5.1125 5.1225 4.9025 5.1225 4.3425 4.5825 4.2425 2.882 4.9525 5.1225 5.0925 5.1225 5.1325 5.1225 5.1325 5.1325
5.1725 5.1225 5.1225 5.1125 5.0125 5.1325 5.1225 5.1325 4.9225 5.1225 4.3125 5.1125 4.7062 3.1339 5.1125 5.1225 5.1225 5.1225 5.1425 5.1525 5.2025 5.1725 5.6525 5.0525 4.6225 5.3725 5.8725 5.0925 4.9125 5.1325 5.1325 5.1225 5.1225 5.1025 5.1225 3.6568 3.2588 5.1225 5.1325 5.1325 5.1125 5.0025 5.0725 5.0325 5.0425 5.1325 5.0625 4.9625 4.8425 5.1325 4.4625 4.2425 4.4225 4.9025 3.4569 4.9525 4.6125 4.8125 5.1125 5.0225 4.2525 4.3025 5.0125 4.7925 4.2225 2.9446 5.1225 5.1325 5.1225 5.1225 5.1225 5.1225 5.1225
5.1325 5.0025 4.8554 4.9825 4.9825 5.1225 5.2125 5.1325 5.1425 5.1225 5.1225 5.1225 5.1325 4.5241 3.183 5.0025 5.1625 5.1225 5.0925 5.2025 5.3725 5.3725 4.9425 5.1225 5.0025 5.1225 5.1425 5.2025 5.1225 4.9625 5.0325 5.0925 5.1225 5.1225 5.1225 3.5954 3.3595 5.1325 5.1225 5.1225 5.1225 5.1225 5.1225 4.9025 5.1225 4.7825 4.8425 4.2125 4.3724 4.1324 4.2024 4.5924 4.9724 4.6524 3.3641 5.1124 5.1224 5.0724 4.8324 4.9824 4.4224 4.4824 4.8224 5.1224 4.8524 2.8485 5.1225 5.1325 5.1225 5.1225 5.1225 5.1225 5.1225
5.2025 5.1325 5.0725 5.1225 5.1225 5.1225 5.1225 5.2125 5.1525 5.1225 5.1225 5.1225 5.1425 5.1225 4.5125 3.4128 5.3725 4.8625 5.3625 5.6925 5.1425 4.8425 5.3325 5.1325 5.1225 5.1125 5.1225 5.1425 5.1325 4.9425 5.1025 5.1125 5.0125 5.1325 5.1225 5.1225 3.5603 2.9453 5.1325 5.1225 5.1225 5.1225 5.0425 4.3325 4.0825 4.2424 4.1924 4.1824 4.1624 4.2524 4.1424 4.5424 3.3518 3.3146 5.0124 4.9924 4.8924 4.8624 4.9224 5.0424 4.8924 5.0924 5.0924 5.0424 4.9924 2.7951 5.1224 5.1224 5.1224 5.1224 5.1224 5.1325 5.1225
5.1525 5.1525 5.1625 5.1325 5.1225 5.1325 5.1225 5.1225 5.1425 5.1425 5.1325 5.2125 4.9425 5.3625 5.1225 3.0661 5.1225 5.2525 5.1825 5.2625 5.1525 5.1325 5.1925 5.1225 5.0725 5.1525 5.1225 5.1325 5.1125 5.0725 5.1225 5.1225 5.1325 5.1225 5.1225 5.1225 4.8925 2.8627 5.1525 5.1225 5.1225 4.7325 4.1824 4.2124 4.7024 4.6024 4.2424 4.3024 4.5524 4.9324 4.1724 3.3832 4.5224 4.9624 4.1963 5.1224 4.9024 5.1224 5.1324 5.0924 5.1224 5.1224 4.7524 4.6924 5.1224 3.0831 5.1324 5.1224 5.1324 5.1224 5.1224 5.1224 5.1424
5.1425 5.1225 5.1725 5.1025 5.1225 5.1225 5.1225 5.1325 5.1225 5.1925 5.1125 5.1525 5.1225 5.6225 5.8725 4.9225 3.4252 5.2025 5.1325 5.1225 5.1525 5.1425 5.1325 5.0825 5.1225 5.1025 5.1225 5.1225 5.1225 5.1225 5.1225 5.1225 5.1225 5.1225 5.1225 5.1225 5.1025 2.8193 5.1225 5.1225 4.9724 4.2024 5.0424 5.1224 5.1324 5.1224 5.0724 5.1224 4.9124 5.1224 4.9824 3.3832 5.0624 4.5824 6.1224 5.0224 5.1324 5.1224 5.1224 5.1324 5.0524 5.1124 4.6424 4.5524 5.1124 3.0703 5.1324 5.1224 5.1224 5.1324 5.1324 5.1224 5.0524
5.2325 5.1625 5.1325 5.1225 5.1125 5.1525 5.1225 5.1225 5.1325 5.1825 5.6225 5.1325 5.1225 5.3725 5.1725 5.1325 3.1316 5.0525 4.9425 5.1225 5.0725 5.1225 5.1125 5.0325 5.1425 5.1125 5.1225 5.1225 5.1325 5.0925 4.9525 5.1325 5.1225 5.1225 5.1025 4.7125 5.1225 2.7064 4.2424 4.1624 4.1624 5.0424 5.1224 5.1224 5.1224 5.1224 5.1224 5.0324 5.0324 5.1224 5.0224 3.3424 5.1224 5.1124 4.3994 5.0124 4.9724 5.1324 5.1224 4.8724 5.1224 5.0824 5.1124 5.1224 4.5724 2.8249 5.1224 5.1424 4.9024 5.0924 5.1224 5.1224 5.1224
5.1225 5.1425 5.1225 5.1225 5.2125 5.1225 5.1225 5.1225 5.0925 5.1725 5.1325 5.1225 4.9325 5.1125 5.1625 5.1325 3.0588 5.1125 4.9225 5.1225 5.1125 5.1225 5.1225 5.1225 5.1225 5.0925 5.1225 5.1225 5.1425 5.1225 4.9725 5.0425 5.1225 5.1225 5.1225 4.4925 3.9725 3.2919 2.6484 5.0224 5.7891 4.7324 5.1224 5.1224 5.1224 5.1224 5.1224 5.1424 5.0624 5.0424 3.3658 5.1124 5.1224 5.1224 5.1224 4.9724 4.8724 4.8824 5.1424 5.1224 4.9224 5.1124 4.9324 5.1224 4.6424 2.8896 5.1624 5.1324 5.1424 5.1224 5.1224 5.1224 5.1524
5.1625 5.1825 5.1425 5.2625 5.1425 5.0425 5.1225 5.3525 5.1225 5.1625 5.1325 5.1225 4.4225 5.0325 5.1225 5.1325 3.0283 4.9225 5.1025 5.1225 5.1225 5.1225 5.1125 5.1225 5.1225 5.1325 5.1225 5.1225 5.1225 5.1025 4.9525 4.5225 4.7525 5.1225 4.4325 4.1324 4.3324 4.9224 3.2942 5.5431 4.7324 4.7324 5.1224 5.1324 5.1124 5.0324 4.7824 5.0624 4.6324 3.3652 5.1224 5.1224 5.1224 5.1224 5.1224 5.0024 4.8024 5.1024 4.9624 4.8024 5.1124 5.1324 5.0524 4.6224 4.4824 2.6975 5.0424 5.1224 5.1224 5.1224 5.1324 5.1224 5.1224
5.1825 5.2725 5.1925 5.1225 5.2625 5.1725 5.8725 5.1225 5.1225 5.1625 5.1625 4.5825 5.1925 4.9725 5.1225 5.1225 4.9325 3.1147 5.1325 5.1125 5.1325 5.1225 5.1225 5.1225 5.1225 5.1225 4.9925 5.1225 5.1025 4.8125 5.1225 5.0325 4.9925 4.1524 4.6724 5.1024 5.1224 5.1124 3.3663 4.7324 5.0524 4.9124 5.0724 5.1724 5.1224 5.0724 3.4093 3.4093 3.3499 5.1224 5.1224 5.1324 5.1224 5.0224 4.8524 5.0824 4.9224 4.3724 5.0724 4.7724 5.1224 5.1224 5.1224 5.1424 4.6124 2.6921 2.9428 3.357 3.5104 5.2024 5.1224 5.1224 5.1224
