example/public/data/projects/ApiTest/raster.asc
nCols        380
nRows        206
xllCorner    102600
yllCorner    425300
CellSize     100
nodata_value -9999
[rows 64 to 95 of 206, columns 146 to 218 of 380]
-9999 -9999 -9999 -9999 -9999 -9999 -9999 -9999 -9999 3.1226 2.9426 2.8893 2.8026 -9999 -9999 -9999 -9999 -9999 -9999 -9999 -9999 -9999 -9999 -9999 -9999 -9999 -9999 -9999 -9999 -9999 -9999 -9999 -9999 -9999 -9999 -9999 -9999 -9999 -9999 -9999 -9999 -9999 -9999 -9999 -9999 1.7325 1.9825 2.2825 2.3325 3.0625 3.1225 3.1225 3.1225 3.1225 3.1225 3.1225 -9999 -9999 3.8725 4.2025 4.5025 4.6025 4.2825 4.2925 4.4925 4.2125 4.1625 4.2425 4.5625 4.4025 4.3925 4.3925 4.2625
3.1226 3.1226 3.1226 3.1226 3.1226 3.1226 3.1226 3.1226 3.1226 3.1226 3.1226 3.1226 3.1226 3.1226 -9999 -9999 -9999 -9999 -9999 -9999 -9999 -9999 -9999 -9999 -9999 -9999 -9999 -9999 -9999 -9999 -9999 -9999 -9999 -9999 -9999 -9999 -9999 -9999 -9999 2.8725 2.1825 1.8125 2.9825 3.1225 3.1225 3.1225 3.1225 3.1225 3.1225 3.1225 3.1225 3.1225 -9999 -9999 -9999 -9999 2.6125 4.1225 4.1925 4.3425 4.3925 4.1425 4.2725 4.2525 4.3125 4.4025 4.2125 4.3225 4.4825 4.2425 4.2825 4.3725 4.2725
3.1226 3.1226 3.1226 3.1226 3.1226 3.1226 2.4143 2.0426 2.258 2.5326 2.8926 -9999 3.1226 3.1226 3.1226 3.1226 -9999 -9999 -9999 -9999 -9999 -9999 -9999 -9999 -9999 -9999 -9999 -9999 -9999 -9999 -9999 -9999 -9999 -9999 -9999 -9999 -9999 2.1225 2.4025 3.1025 3.1225 3.1225 3.1225 3.1225 3.1225 3.1225 -9999 -9999 -9999 -9999 -9999 -9999 4.1225 4.1225 4.3925 4.4925 4.2525 4.1825 4.1325 4.1225 4.1325 4.1825 4.3225 4.3725 4.3425 4.4225 4.1925 4.5125 4.6525 4.3425 4.4225 4.5025 4.5425
1.4076 2.1678 2.6701 1.5226 -9999 -9999 -9999 -9999 -9999 -9999 -9999 -9999 -9999 3.0173 2.5848 3.1226 3.1226 -9999 -9999 3.1226 -9999 -9999 -9999 -9999 -9999 -9999 -9999 -9999 -9999 -9999 -9999 -9999 -9999 -9999 -9999 3.1225 3.1225 3.1225 3.1225 3.1225 3.1225 3.1225 3.1225 -9999 -9999 -9999 3.8725 3.1225 4.1625 4.4025 4.4525 4.1325 4.2225 4.2025 4.2025 4.3525 4.4825 4.5225 4.1325 4.1625 4.2025 4.2425 4.3325 4.2425 4.2725 4.2825 4.3025 4.2425 4.3725 4.2625 4.3625 4.4225 4.7425
-9999 -9999 -9999 -9999 3.0825 4.6025 5.0325 4.3325 4.1625 4.2925 4.1225 4.1225 3.992 -9999 -9999 2.3726 2.1226 3.1226 3.0626 3.1226 3.1226 3.1226 3.1226 3.1226 3.1226 -9999 -9999 -9999 -9999 -9999 -9999 -9999 3.1225 3.1225 3.1225 3.1225 3.1225 3.1225 -9999 -9999 -9999 -9999 2.3325 4.1225 4.8725 4.6425 4.2225 4.2325 4.1725 4.4025 4.1525 4.1225 4.1825 4.1625 4.1325 4.3125 4.1525 4.3425 4.1625 4.1425 4.2125 4.1925 4.2025 4.2025 4.2825 4.4325 4.8625 4.4525 4.4225 4.5825 4.5425 4.7825 4.5625
4.8125 4.8225 4.6525 4.2225 4.2025 4.4703 4.2625 4.1225 4.1225 4.3829 4.8725 4.1225 4.6625 2.5116 1.2125 -9999 2.0444 2.3126 1.9126 1.3226 3.0226 3.1226 3.1226 3.1226 3.1226 3.1226 3.1226 3.1226 3.1225 3.1225 3.1225 3.1225 3.1225 3.1225 3.1225 2.7913 -9999 -9999 2.8125 4.4825 4.4125 4.1125 4.3925 4.4525 4.1825 4.2825 4.3625 4.1625 4.1125 4.1525 4.1425 4.1325 4.1425 4.1425 4.1425 4.1525 4.2125 4.2325 4.1625 4.1625 4.1625 4.1925 4.3325 4.2325 5.1225 4.6125 4.4225 4.2525 4.6325 4.7725 4.5625 4.5725 4.3425
4.7725 4.4125 4.3325 4.3725 4.4525 4.1225 4.5225 4.1225 4.6225 4.6225 4.3425 4.6925 4.4425 4.3925 3.4536 3.2225 -9999 2.3126 2.3419 -9999 -9999 -9999 0.0426 2.4126 2.8826 3.1226 3.1226 3.1126 3.1225 3.0925 3.1225 2.2425 2.1525 2.2825 -9999 -9999 1.7125 4.4025 4.2825 4.1925 4.2525 4.4125 4.5525 4.7125 4.2225 4.2225 4.3125 4.1725 4.1325 4.2325 4.1725 4.1225 4.1225 4.1525 4.2125 4.2025 4.1625 4.1825 4.1725 4.2125 4.1825 4.1625 4.2125 4.3825 5.0025 4.3125 4.9825 4.4025 4.8925 4.7125 4.8125 5.0125 5.0325
4.2325 4.2125 4.5725 4.1525 4.8025 4.1225 4.5325 4.1525 4.5725 4.6225 4.7625 4.6325 4.4425 4.1825 4.1225 3.3234 3.2052 -9999 2.3426 -9999 0.8725 1.3725 -9999 2.3185 1.2426 0.1226 1.1226 0.8926 -9999 -9999 -9999 -9999 -9999 -9999 4.9252 4.6225 4.1625 4.1725 4.2625 4.2925 4.1725 4.2825 4.3725 4.3825 4.4225 4.2525 4.3525 4.2725 4.1725 4.2125 4.2925 4.1225 4.1325 4.2025 4.2725 4.1825 4.2125 4.1925 4.1925 4.1925 4.3325 4.3225 4.3125 4.3625 5.0225 4.4925 5.0625 4.3125 5.0325 4.8725 4.9525 4.8625 4.8225
4.1625 4.1225 4.6125 4.3225 4.8125 4.4625 4.2625 4.1425 4.1225 4.1225 4.1225 4.4525 4.5525 4.3225 4.3225 4.3525 4.1925 3.3181 -9999 -9999 0.5247 1.5268 2.0725 -9999 -9999 -9999 -9999 -9999 2.6525 4.1525 4.1525 4.1825 4.6425 4.2225 4.483 4.2225 4.2125 4.1425 4.2725 4.3225 4.3525 4.2825 4.2725 4.4525 4.3825 4.3025 4.2725 4.3225 4.2225 4.1925 4.2225 4.1825 4.2825 4.2225 4.2125 4.2725 4.2925 4.3425 4.3225 4.2425 4.2425 4.4025 4.3825 4.6025 4.5325 5.0125 4.7025 4.3725 4.7825 4.8125 4.7825 4.5125 4.6225
4.3125 4.3325 4.9425 4.9725 4.4125 5.0825 4.6225 4.6225 4.1225 5.0025 4.8725 4.2267 4.9025 4.5925 4.3725 4.5525 4.4925 3.3181 4.7125 4.5146 2.7025 3.6225 4.1225 5.1608 4.3225 4.3725 4.6425 3.8825 4.0925 4.2425 4.3225 4.3925 4.4225 4.3625 4.3025 4.3525 4.2425 4.2825 4.3425 4.3725 4.4425 4.3125 4.2525 4.3225 4.4425 4.2925 4.3425 4.2825 4.1825 4.2425 4.2125 4.3325 4.2725 4.2125 4.2825 4.2025 4.3125 4.3425 4.4125 4.3825 4.2825 4.1625 4.4825 4.8425 4.4125 5.0625 4.8225 4.2025 5.0025 4.7525 4.9325 4.6925 4.7825
4.4925 4.5625 4.9925 5.0525 4.0925 4.3825 5.1225 4.8725 4.6425 4.5525 4.7892 4.8496 4.6925 5.1125 5.1325 5.1225 5.1225 5.0725 3.404 4.5425 2.7494 2.7425 3.4658 2.1525 4.2825 4.1225 4.3725 4.1225 4.6225 4.3025 4.2925 4.3925 4.5625 4.5425 4.3125 4.2225 4.3125 4.5225 4.2925 4.4325 4.3425 4.3625 4.2625 4.3225 4.2925 4.3325 4.4025 4.4025 4.4025 4.4225 4.3325 4.1525 4.1825 4.2125 4.2925 4.2425 4.2725 4.1525 4.2325 4.2625 4.3425 4.3525 4.3925 4.9725 5.0725 5.0525 4.6321 5.0125 5.0425 4.7725 5.1125 4.9825 4.9725
4.3125 4.2925 4.8725 4.5225 4.1225 4.2925 5.3725 4.8725 5.5825 5.0125 5.1225 4.8397 5.0925 5.1225 5.0925 4.5425 4.8225 4.4825 4.2625 3.4206 4.2425 4.9925 4.5325 4.7625 4.7025 4.5625 4.1225 4.3725 4.8725 4.1725 4.4125 4.3725 4.4725 4.5325 4.2125 4.2125 4.2925 4.3525 4.3625 4.3925 4.3925 4.3725 4.3225 4.1625 4.2225 4.2525 4.2025 4.2825 4.2925 4.2325 4.3425 4.1825 4.2125 4.1825 4.2025 4.2425 4.2125 4.3025 4.2125 4.2025 4.3125 4.3825 4.3325 4.7025 5.0625 4.6325 5.0425 5.1225 5.1225 5.1225 5.0825 4.6525 4.8725
4.3125 4.9425 4.8825 4.7225 4.2725 4.4425 4.5825 5.1525 5.1325 5.1325 5.1525 4.7925 5.1225 5.1225 4.9425 4.6925 5.1125 4.8825 4.9025 4.7525 3.3773 4.8525 5.3725 4.3525 4.3325 4.4025 4.3725 4.8725 4.8725 4.3725 4.4325 4.3725 4.4725 4.4725 4.2225 4.4325 4.4725 4.3425 4.4225 4.3025 4.2925 4.3225 4.3025 4.4725 4.2925 4.3125 4.3425 4.3425 4.3025 4.1825 4.3325 4.2125 4.3025 4.2525 4.2125 4.2425 4.1825 4.2525 4.1725 4.2925 4.4125 4.3325 4.3625 4.6625 4.8325 4.8225 4.8625 5.1225 5.1125 5.0625 5.1225 5.0825 5.1225
4.6225 4.6825 4.6325 5.1025 5.1325 5.1625 4.7025 5.1225 5.1225 5.1325 5.1125 5.1325 4.9925 5.1225 5.0425 5.0425 5.1225 5.1125 4.9925 4.9225 3.321 4.6825 4.1225 4.6225 4.1225 4.8725 4.8725 4.3825 4.3625 4.4725 4.3025 4.2725 4.5625 4.3725 4.3625 4.3125 4.3625 4.3925 4.4425 4.3525 4.5025 4.4025 4.4625 4.4025 4.3225 4.3625 4.3425 4.4125 4.3425 4.2425 4.2725 4.2425 4.4225 4.4025 4.2525 4.2225 4.1625 4.2125 4.1725 4.1925 4.2325 4.2925 4.8425 4.7325 4.6025 5.1025 5.0825 5.1025 5.1225 4.8725 5.0725 5.0725 4.9925
4.6425 5.1125 5.1225 5.1525 5.1225 5.1325 5.1225 5.1225 5.1225 5.1425 5.1225 5.1125 4.8925 5.1325 5.1225 5.1225 5.0725 5.1225 5.1325 5.1225 3.321 4.5825 4.6225 4.6225 5.1225 4.4325 4.3025 4.3725 4.9225 4.8525 4.6525 4.7925 5.0925 4.4825 4.6125 4.4825 4.3125 4.3425 4.4525 4.4425 4.4025 4.3625 4.3325 4.3625 4.3825 4.5025 4.4525 4.3025 4.4325 4.3825 4.3425 4.2825 4.6725 4.4225 4.2125 4.2125 4.2625 4.9725 4.3525 4.3125 4.2425 4.2425 4.6425 4.3725 5.0525 4.9625 4.8625 5.1025 5.1025 4.9525 5.0025 5.0625 5.1025
4.3325 4.3925 5.1825 5.0925 5.1225 5.1225 5.1225 5.1225 5.1225 5.1225 5.1225 5.0625 5.0925 5.1225 4.9225 5.0225 5.1225 5.1225 5.1325 5.1225 4.5625 3.368 4.4825 4.3725 4.8725 4.5125 4.3725 4.3025 4.6625 4.5125 4.4425 4.5325 4.3325 4.4025 4.5825 4.3825 4.5025 4.2725 4.4425 4.4325 4.2025 4.4025 4.6925 4.4725 4.4025 4.4625 4.4325 4.4325 4.4425 4.4425 4.5125 4.2625 4.2425 4.2025 4.1925 4.2325 4.3025 5.1225 4.6625 4.8725 4.3725 4.2725 4.2625 4.5625 4.9925 4.8825 4.6225 4.9925 5.0825 5.0525 4.7325 5.1225 5.1225
4.2725 4.5425 5.1325 5.0325 5.1225 5.1225 5.1225 5.1225 5.1225 5.1125 5.1225 5.1325 5.0425 5.1225 4.5125 4.8125 5.0925 5.0825 4.9325 4.9925 5.0325 4.3725 3.2937 4.6225 4.9225 4.3725 4.4125 4.3325 4.2725 4.4725 4.6525 4.6025 4.3225 4.3325 4.6825 4.3725 4.3125 4.2625 4.2625 4.2925 4.4325 4.5525 4.5225 4.3625 4.6025 4.7125 4.6325 4.6525 4.7725 4.8025 4.7125 4.3525 4.3025 4.2225 4.1825 4.1325 4.3325 5.0425 5.0125 5.0025 4.3725 4.5325 5.0025 4.2225 5.1225 5.0025 4.6125 4.9225 4.8325 5.1225 5.1225 5.0825 5.0925
4.2525 4.8425 5.0125 5.1225 5.1125 5.1225 5.1225 5.1325 5.1225 5.0425 5.1225 5.1225 5.1225 4.5725 4.6725 5.1225 5.1225 5.0325 5.1325 5.1225 4.9625 4.2125 4.4825 3.3092 4.5925 4.1225 4.3425 4.6125 4.5725 4.4825 4.3925 4.6025 4.4325 4.6325 4.7725 4.5025 4.3425 4.2625 4.4325 4.4125 4.4425 4.4725 4.5325 4.8125 4.6825 4.8025 4.7525 4.9725 4.8925 4.8225 4.2525 4.1325 4.2125 4.1925 4.1625 4.1625 4.9025 5.0725 5.1125 4.6125 5.0825 5.1125 5.1025 5.0225 4.5525 5.0025 4.8625 5.1225 4.8325 4.9225 5.1225 5.1225 5.1225
5.0325 5.0725 4.7325 5.1525 4.9025 5.1325 5.1325 5.0925 5.1225 5.1225 5.1225 5.0825 5.1225 4.8625 4.9425 4.5025 5.0725 4.4325 4.7125 4.9225 5.1225 5.1225 5.0525 5.0325 3.4122 4.6525 4.4225 4.5225 4.8125 4.4325 4.5025 4.4425 4.6825 4.5625 4.5025 4.4925 4.5625 4.3125 4.4325 4.4625 4.4225 4.5125 4.7425 4.7325 4.6925 4.8625 4.8725 4.7225 4.8825 4.5525 4.1725 4.2025 4.2925 4.2225 4.2125 4.1725 4.5725 4.7925 4.6625 5.1225 5.0125 4.8525 5.0825 5.0625 4.6325 4.8925 5.0725 5.1225 5.1325 4.9225 5.1225 5.1225 5.1225
4.9525 5.1425 5.1225 5.1325 4.9225 5.0725 5.1225 5.1325 5.1225 5.1225 5.1225 4.9925 5.1525 4.5425 4.4025 4.6925 4.6325 5.1225 5.1225 5.1325 5.1325 5.1225 5.1125 4.9025 3.4122 5.0225 4.5025 4.4425 4.6825 4.6825 4.8425 4.7125 4.5725 4.4225 4.3425 4.6125 4.7925 4.4225 4.4225 4.5025 4.4025 4.6725 4.8125 4.7925 4.9325 4.8325 5.0625 4.6525 4.2125 4.2125 4.2725 4.3025 4.3125 4.2925 4.2125 4.3025 4.4225 5.1125 5.1325 5.0825 5.0525 4.3625 4.2625 4.4425 4.3225 4.6725 5.1225 5.1225 5.1225 5.1225 5.1225 5.1225 5.1225
4.8925 4.9425 5.2125 5.0325 5.1225 4.9425 5.1225 5.1325 5.0625 5.1125 5.0825 4.9925 4.8725 4.7025 5.1225 5.1725 4.3825 5.1325 5.1225 5.1525 5.1425 5.1225 5.1225 5.0425 3.7 4.8725 4.6325 4.4125 4.6025 4.6325 4.4725 4.7825 4.5925 4.9425 4.4225 4.7925 4.5825 4.7325 4.4325 4.4825 4.5025 4.8425 4.9725 4.7425 4.7125 4.4125 4.9525 4.3125 4.2325 4.1225 4.9225 4.8925 4.5625 4.2225 4.5725 4.3225 5.0025 4.9325 5.1225 5.1225 5.0525 5.0425 4.9925 4.2525 4.2925 5.0625 5.1225 5.1325 5.1325 5.0625 4.9625 5.1225 5.1225
4.4425 4.2125 5.1425 4.9125 4.7225 4.7525 4.9125 5.1325 4.7525 4.8125 4.5425 5.1025 5.1425 5.1425 5.1325 5.0225 4.9825 4.9225 5.1625 5.1225 5.1225 5.0725 5.1025 4.8725 3.8314 5.0525 4.5125 4.4525 4.6825 4.6725 4.5725 4.9725 4.5925 4.9725 4.6325 4.7825 4.5725 4.5725 4.5225 4.7025 4.6125 4.4125 4.6725 4.8525 4.9625 5.0125 4.8325 4.2525 4.2225 4.9425 5.0725 4.6925 4.9125 4.4525 4.6025 4.5325 4.4625 5.0325 5.1225 5.1225 5.0825 5.0725 4.6325 4.8125 4.9525 5.1125 5.1225 5.1225 5.1225 5.1225 5.1225 5.1225 5.1225
4.7325 3.8025 4.5925 4.3825 4.5425 5.2025 4.1425 4.6325 4.5825 4.8025 5.1325 5.1225 5.1525 5.1725 5.2125 5.1325 4.9725 5.1225 5.1225 5.1525 5.1325 5.0425 5.1225 4.3925 5.1225 3.9167 4.6925 4.3925 4.4025 4.5325 4.7925 5.1025 4.9525 5.0825 4.5625 4.4425 4.6725 4.9725 4.6625 4.6125 4.7325 4.6125 4.8525 4.9425 4.9025 4.9825 4.4225 4.1725 4.2625 4.9425 4.7025 4.6525 5.0025 4.6925 4.3725 4.2725 4.4525 4.6125 5.1025 5.0025 4.9225 4.7425 4.3025 5.1125 4.9125 4.9725 5.1325 5.1225 5.1225 5.1525 5.1225 5.1225 5.1225
5.1225 4.5025 4.9525 5.1225 5.1325 5.1225 5.1425 5.0625 5.1425 5.1425 5.1425 5.1225 5.1525 5.1225 5.1725 5.1325 5.1225 4.4525 4.6925 5.1225 5.0525 5.0925 5.1225 4.3725 5.1225 3.902 4.9325 4.7125 4.4325 4.8125 4.8525 4.8125 4.9925 5.0525 4.9725 4.6225 5.0525 5.1025 5.0525 4.9625 4.9625 4.6025 4.6425 4.3325 4.2725 4.2525 4.2425 4.4425 4.5425 5.2625 4.9325 5.1225 5.1225 4.7725 4.5625 4.6625 4.7425 4.7325 5.0725 5.1325 4.8025 4.6325 5.1225 5.1225 5.1225 5.1225 5.1225 5.1425 5.1225 5.1425 5.1225 5.1225 4.9225
5.0725 4.5525 5.1225 5.1225 5.1225 5.1225 5.1325 5.0325 5.1125 5.1325 5.0925 5.0325 5.0425 4.7125 4.9125 5.0725 4.5125 4.5425 4.3525 4.8525 4.8625 5.0225 5.0825 4.8825 5.1325 3.902 5.0225 4.7608 4.5025 4.8725 4.6825 4.8525 4.7925 4.8725 5.0025 4.5925 4.6725 5.0625 4.8625 4.8225 4.2925 4.3225 4.3025 4.2625 4.2025 4.1325 4.3225 5.0925 4.6611 5.0025 5.1225 5.1325 5.1225 5.0025 4.3925 4.5425 4.9725 5.0625 5.0625 5.0225 5.1325 5.1225 5.1225 5.1225 5.1325 5.1225 5.1325 5.1325 5.1325 5.1225 5.0625 5.0325 5.1125
4.8525 4.8025 5.1625 5.1225 5.1125 5.1225 5.0625 5.1225 5.1325 5.1625 5.0125 5.1225 5.1425 5.0125 5.1225 5.1325 5.0125 5.0225 4.2525 4.3925 4.5025 4.9825 5.0225 5.1225 5.1225 5.1325 4.02 4.7825 4.6825 4.5525 4.5525 4.8025 4.8725 4.6925 4.5525 4.5125 4.5925 4.7525 4.6225 4.6025 4.4725 4.2325 4.1825 4.4425 4.6825 4.9625 5.0525 5.1025 4.8825 5.1225 5.1225 5.1225 5.1225 5.1225 4.8925 4.5225 4.7125 5.0125 5.1225 5.1225 5.1325 5.1225 5.1225 5.1425 5.1225 5.1225 4.9925 5.1125 5.1225 5.0425 5.0725 4.9425 5.1225
4.4325 5.1425 5.1225 5.1225 5.1225 5.1125 5.0325 5.1225 5.0625 4.8425 4.9025 5.1225 5.1425 5.1225 5.1525 5.1325 5.1225 5.1125 4.9025 5.1125 4.8825 4.9825 5.1225 5.1225 5.1225 5.0925 4.8225 3.901 4.6225 4.6825 5.0225 4.9825 4.8825 4.8925 4.9425 4.4325 4.8525 4.9825 5.0025 4.8425 4.7625 4.3525 4.2725 4.3625 4.7325 4.8525 4.8225 4.8525 5.1525 5.1225 5.1225 5.1225 5.1325 5.1225 5.1225 4.8725 4.7425 5.1225 5.1225 5.1225 5.1225 5.1225 5.1225 5.1225 5.1225 5.1525 5.1225 4.9325 4.8725 5.1525 5.1425 4.9925 5.1225
4.9225 5.1225 5.1325 5.1325 5.1325 4.9425 5.1325 5.1225 5.1225 5.0925 5.0925 5.1225 4.8825 5.1325 5.1525 5.1525 5.1525 5.1425 5.1225 5.0425 5.0725 5.1225 4.1799 5.1125 5.1325 5.1225 5.0825 3.8704 5.0225 5.1125 5.1125 4.9025 4.9725 5.0625 4.8925 4.9825 4.7625 5.0525 4.9425 5.1025 5.0225 4.3825 4.2825 4.6725 4.7025 4.8125 4.7525 5.1225 5.1325 5.1225 5.1225 5.1225 5.1325 5.1225 5.1425 5.1225 5.0325 5.1325 5.1225 5.1225 5.1325 5.1325 5.1825 5.1225 4.9925 5.1425 5.1425 4.8225 4.7525 5.1325 5.1525 5.1225 5.1225
5.1325 5.1025 5.1225 5.1325 5.1325 5.1125 5.1225 5.1325 5.1225 5.1225 5.1225 5.1325 5.0725 5.1025 5.1225 5.1225 5.1225 5.0625 5.1025 5.1325 5.1125 5.1225 5.1225 5.1225 5.1325 5.1225 4.8125 3.7682 4.9925 4.7925 4.5725 4.6925 4.9925 5.0925 4.9225 4.9525 4.5425 5.0625 4.7225 4.6925 4.5425 4.2125 4.5425 4.3325 4.7625 4.9025 5.1225 5.1225 5.1225 5.1225 5.1225 5.1225 5.1225 5.1225 5.1225 5.1225 4.9925 5.1225 5.1225 5.1225 5.1225 5.1425 5.1325 5.1425 5.0425 5.0825 5.1425 5.1325 5.0425 5.1225 5.1225 5.1425 5.1325
5.1225 5.0925 5.1225 5.1525 5.1125 5.1025 5.1225 5.1325 5.1225 5.1225 5.1225 4.9025 4.8625 5.0425 5.0725 4.7525 4.7425 4.9025 4.8725 5.1325 5.0525 5.1425 5.1225 5.1225 5.1325 4.8825 4.9425 3.7682 4.4425 4.4325 4.2625 4.3025 4.2625 4.4125 4.9125 4.9325 4.6025 4.3725 4.3425 4.2625 4.2925 4.2725 4.7325 4.4325 4.6425 5.1325 5.1225 5.1225 5.1225 5.1325 5.1225 5.1325 5.1225 5.1225 5.1225 5.1225 5.1025 5.1625 5.1325 5.1225 5.1225 5.1425 5.1425 4.8925 5.1325 5.1225 5.1225 5.1225 5.1525 5.1225 5.1225 5.1225 5.1225
5.0125 5.1325 5.0625 5.1525 5.1225 5.0125 5.1425 5.1225 5.1425 5.1225 4.5725 4.7625 4.9725 5.1225 5.1025 5.1125 5.1225 5.1225 5.1325 5.1625 5.1225 5.1225 5.1325 5.1325 5.1225 5.1225 5.1225 5.1125 3.8135 4.3625 4.2125 4.2825 4.2025 4.1925 4.1225 4.1825 4.2125 4.4125 4.2925 4.2625 4.1625 4.4025 4.4725 4.6325 5.1225 5.1225 5.1225 5.1225 5.1225 5.1525 5.1225 5.1225 5.1225 5.1225 5.1225 5.1225 5.1225 4.9625 5.1225 5.1225 5.1325 5.1225 5.1525 5.1525 5.1225 5.1225 5.1225 5.1225 5.0225 4.8625 5.1225 5.1225 5.1225
5.1325 5.1425 5.1625 5.0725 4.8425 5.0825 5.0025 5.1125 5.1225 5.0325 4.5525 5.0525 5.1225 5.1325 5.1225 5.1225 5.1225 5.1225 5.1325 5.1325 5.1225 5.1325 5.1425 5.1225 5.1225 5.1225 5.1225 5.1225 3.7985 4.2925 4.2925 4.5725 4.9525 4.5625 4.4225 4.7225 4.9625 4.7925 5.0225 4.5025 4.3825 4.6525 4.5625 5.1125 5.1225 5.1325 5.1225 5.1325 5.1325 5.1225 5.1225 5.1225 5.1225 5.1325 5.1225 5.1225 5.1125 4.7925 5.0225 5.1025 5.1225 5.1225 5.1225 5.1325 5.1325 5.0925 5.1325 5.1325 5.1425 4.7625 5.1225 4.9525 5.1225
